27874 29725 0
38639 3597 0
11270 32425 0
31052 3904 0
27744 27668 1
44180 44400 1
24120 24028 1
38541 38859 1
15876 15926 1
51435 20468 0
38682 44381 0
44223 51476 0
44106 14511 0
31278 3523 0
15848 15534 1
29709 29842 1
1242 14580 0
3751 3787 1
15581 29533 0
15798 27763 0
38972 38769 1
51139 14800 0
24080 11338 0
15546 15865 1
16754 16604 1
11491 11083 1
32332 32239 1
11240 11294 1
1457 15615 0
38587 51300 0
16993 16775 1
38833 38696 1
11032 51417 0
32365 32153 1
1406 27874 0
32272 24236 0
29909 20423 0
44425 29844 0
51326 51097 1
31170 16783 0
51424 51084 1
38881 38767 1
3889 15983 0
51284 51315 1
32227 32179 1
32327 44237 0
29963 11338 0
14539 51484 0
29989 11441 0
1135 1383 1
3958 3876 1
14581 32352 0
14507 11471 0
29689 29901 1
1490 44065 0
14933 14794 1
16866 16860 1
27930 27977 1
3688 24322 0
16508 16586 1
16846 16753 1
16523 51256 0
20191 24423 0
16911 29891 0
20147 16701 0
1453 15875 0
29861 29865 1
24164 24415 1
20168 15750 0
1492 20402 0
3551 29847 0
32027 32314 1
27601 20011 0
16693 32199 0
15582 31213 0
32166 3609 0
51335 29650 0
29718 29742 1
29674 15841 0
31043 3723 0
32399 32315 1
3665 3586 1
14961 14517 1
38595 38899 1
31389 3793 0
14801 14817 1
20147 44044 0
3968 3554 1
16517 16804 1
29538 29534 1
11380 11205 1
29734 32257 0
38556 20210 0
31422 38504 0
29657 29950 1
51414 51309 1
24330 38867 0
14830 14960 1
16661 31053 0
32455 31250 0
29536 31206 0
11468 24453 0
51209 32249 0
31185 31269 1
24216 32396 0
51053 51344 1
38655 15652 0
31238 31210 1
1007 1331 1
32453 32197 1
31427 31376 1
1300 38866 0
20353 20348 1
51430 51497 1
51352 51120 1
27697 32240 0
1302 29707 0
51299 51008 1
29971 29537 1
38550 38751 1
1405 1367 1
44492 44245 1
27673 27721 1
27993 14902 0
31056 27830 0
38871 1320 0
16804 20256 0
14716 14938 1
31101 1170 0
16838 44120 0
11274 29739 0
32394 3985 0
14681 14892 1
20241 20236 1
44202 14962 0
29866 24315 0
15550 15501 1
29590 29867 1
51108 16774 0
44180 44040 1
51273 51087 1
32095 32186 1
29763 31460 0
15674 1311 0
15561 15549 1
24062 24381 1
29601 44149 0
32300 32187 1
27896 27686 1
32044 32401 1
51436 51477 1
1109 20452 0
32244 32316 1
20127 1019 0
1405 1183 1
24272 44298 0
1061 1320 1
15716 31465 0
11298 14598 0
15808 24465 0
14849 14539 1
1177 1383 1
11077 38760 0
20097 20151 1
1405 1306 1
24034 11410 0
14688 16606 0
44176 27688 0
32060 32262 1
11316 11058 1
32291 32221 1
29983 29841 1
51180 38838 0
29639 3906 0
3505 44354 0
16665 16570 1
44140 24188 0
38828 38867 1
15798 15618 1
1247 1255 1
32314 31484 0
32259 15741 0
24246 38582 0
14915 14688 1
3903 1019 0
3588 3881 1
16842 16860 1
1231 20164 0
32451 24239 0
1203 11185 0
11304 11147 1
1268 29545 0
27834 32417 0
51402 51176 1
20204 20315 1
1260 44314 0
14706 38572 0
27924 16538 0
38562 15832 0
16852 16730 1
16534 31272 0
38720 32288 0
38894 38592 1
51172 27580 0
11267 16873 0
38747 11414 0
38709 32019 0
51025 16963 0
15730 32352 0
51415 51344 1
3542 3800 1
20297 44130 0
14828 20278 0
31357 16932 0
11380 44182 0
27979 27721 1
38756 3631 0
14998 44247 0
16942 29842 0
3906 3833 1
3734 38721 0
20323 20497 1
31294 1080 0
38524 38856 1
15530 44211 0
51044 51396 1
3819 3524 1
16889 3539 0
20217 20132 1
3881 27540 0
3889 31468 0
38995 24333 0
38692 38752 1
14744 14852 1
38954 38564 1
14603 11054 0
3556 3545 1
27941 27790 1
15998 15659 1
11156 11030 1
11283 38732 0
3858 11364 0
16883 24372 0
29697 24395 0
24191 24315 1
3969 3941 1
38954 38767 1
44463 1439 0
31357 24070 0
20032 20491 1
3521 3858 1
3741 3635 1
38658 38867 1
32279 32176 1
38822 27838 0
15568 51120 0
44218 44315 1
24052 20377 0
38833 15821 0
38561 38557 1
44153 44063 1
24328 27769 0
29839 15810 0
20440 20498 1
3913 15997 0
51188 51173 1
14891 16578 0
3916 3692 1
27915 27819 1
15962 38677 0
14664 27628 0
15596 38547 0
29821 29572 1
27993 27837 1
44242 44300 1
11080 11142 1
44055 44377 1
16552 11041 0
16873 1428 0
20319 20058 1
14744 29603 0
3692 3703 1
20405 20498 1
11045 27819 0
24201 29552 0
32341 38935 0
27656 27985 1
44154 44321 1
16924 51080 0
29554 29638 1
14508 32165 0
51150 27756 0
32464 51275 0
29596 3841 0
32199 32195 1
20312 20084 1
24273 24298 1
1302 11030 0
1304 1169 1
20480 20369 1
31438 31394 1
32441 32226 1
24389 24003 1
15751 15721 1
32189 44115 0
15849 15651 1
29689 29786 1
15650 14845 0
29759 29624 1
3556 51283 0
11057 11318 1
27762 27803 1
32114 27505 0
27947 31397 0
51347 29613 0
16542 29985 0
3862 15787 0
51282 51100 1
1017 32176 0
14541 14549 1
3638 11214 0
14671 20480 0
31148 31083 1
29544 3704 0
16662 16675 1
24234 24091 1
51077 51344 1
14771 3703 0
16508 44442 0
38871 51484 0
32286 32339 1
1300 11214 0
16501 11482 0
3873 11475 0
3628 3631 1
20418 20227 1
31409 31439 1
14824 32341 0
11132 38747 0
3792 3956 1
51383 51417 1
51034 15847 0
24215 24279 1
27653 32247 0
1151 1452 1
32276 32371 1
32124 27630 0
31438 27527 0
44382 51208 0
11190 11303 1
44050 1403 0
1270 11294 0
11026 32072 0
1129 1476 1
11491 11346 1
11298 38673 0
27598 51108 0
14618 38862 0
32354 32475 1
29515 29631 1
38891 38882 1
44373 44391 1
44434 14599 0
11260 11450 1
29566 3646 0
27980 27983 1
51148 31442 0
44400 27553 0
20241 32254 0
3628 11428 0
44186 3956 0
24066 16899 0
24350 31067 0
32353 1466 0
32138 32082 1
44443 44154 1
51402 20158 0
3628 11228 0
32327 1300 0
3608 3644 1
44396 14683 0
11237 38842 0
32463 32021 1
3880 16663 0
16535 31276 0
1265 11450 0
1062 1370 1
31423 31361 1
14723 14817 1
29783 31361 0
14646 27988 0
44473 29961 0
16946 15796 0
44223 44066 1
14752 14904 1
38664 38838 1
24066 24425 1
31442 1368 0
15596 31439 0
27788 51369 0
11322 11214 1
38851 38526 1
44011 44456 1
44182 14828 0
32429 32230 1
27513 31358 0
24112 44307 0
44356 44053 1
32405 51167 0
27674 27772 1
20419 20210 1
51058 38532 0
32493 20129 0
31100 31228 1
15910 29697 0
15814 3827 0
20408 20012 1
27846 27740 1
24306 27995 0
44105 27873 0
44416 44482 1
44022 44486 1
14722 14949 1
14919 14791 1
44354 31106 0
29552 29840 1
29885 29537 1
14664 32452 0
44211 15879 0
14650 38733 0
31156 11255 0
51089 20315 0
51221 51008 1
32114 32347 1
20469 20213 1
11122 11170 1
16796 11185 0
1282 38723 0
20018 31426 0
15629 31360 0
1126 44091 0
29579 15827 0
51207 44066 0
29825 29970 1
31387 31359 1
15841 15778 1
32466 32197 1
15719 51145 0
29531 29673 1
51411 51125 1
1456 1477 1
51319 15618 0
20097 3841 0
51430 51186 1
3769 31136 0
44369 44396 1
3533 3928 1
14713 20351 0
44044 44413 1
1176 24487 0
29639 27639 0
38529 38521 1
16591 20301 0
15596 15832 1
14924 14969 1
15886 15836 1
11267 11244 1
51282 31136 0
31436 31006 1
44208 32212 0
29938 29781 1
16693 44316 0
14654 31341 0
38574 20428 0
44050 44378 1
51034 38662 0
14944 14716 1
15825 38672 0
11206 14687 0
11417 11117 1
15672 1375 0
14786 32032 0
31013 31358 1
38590 24084 0
16959 11002 0
1296 29776 0
20209 31239 0
38946 38884 1
32194 38692 0
27632 27893 1
14511 29763 0
31398 44343 0
31442 29720 0
15814 15920 1
44444 44147 1
11163 32221 0
29783 32332 0
29592 29793 1
29540 24177 0
16838 44095 0
14979 14671 1
31302 44233 0
14825 14686 1
20324 20020 1
24239 24425 1
44178 1112 0
38822 20127 0
11206 20467 0
44401 44260 1
31006 11495 0
24188 20043 0
44279 27775 0
29762 29901 1
38527 29528 0
31279 31051 1
31444 1081 0
16962 3521 0
24340 24300 1
3588 1140 0
27557 3800 0
27936 3941 0
32119 27921 0
44150 11407 0
31101 16924 0
51141 11487 0
3684 16749 0
16700 16723 1
27512 27744 1
11071 20193 0
31360 27644 0
32463 1081 0
14928 14683 1
15717 31395 0
24183 24204 1
16985 16591 1
51311 51450 1
3967 38662 0
11465 38742 0
14672 24015 0
27995 32363 0
15971 24080 0
1400 27780 0
38881 15892 0
1331 32449 0
1234 32262 0
11497 51156 0
20037 38519 0
20043 20285 1
51430 14949 0
20012 20382 1
20008 3941 0
31022 31330 1
11270 44322 0
14696 32422 0
32004 16753 0
3703 3887 1
44482 44259 1
51296 51305 1
38630 38853 1
32043 44316 0
31379 11235 0
44440 44355 1
1177 51476 0
3726 3519 1
24336 32219 0
31283 31145 1
11185 44385 0
14845 11028 0
24041 11255 0
44050 11415 0
38824 15710 0
20363 14854 0
1408 29561 0
15730 29862 0
15605 15704 1
14602 14849 1
16800 16586 1
24318 24068 1
16591 16754 1
29523 32228 0
14509 32138 0
29635 24485 0
14960 38546 0
11492 11482 1
11036 11305 1
51377 31335 0
44173 1061 0
27995 27556 1
31421 38713 0
44025 29800 0
32353 44092 0
27991 29970 0
31416 31400 1
32326 16854 0
11382 51388 0
31211 31289 1
11477 11144 1
38778 44220 0
24443 24400 1
51498 51346 1
44110 27819 0
14960 14503 1
20281 3841 0
16763 38806 0
24246 24395 1
51390 51056 1
14688 14771 1
24126 24068 1
44108 44461 1
31433 31227 1
31155 31300 1
31062 14671 0
51203 27862 0
20179 20140 1
29752 29638 1
29605 29671 1
51053 14536 0
16665 16552 1
44040 38905 0
51150 1283 0
15579 24261 0
32223 16745 0
27755 27812 1
31422 16996 0
16859 29815 0
15557 3904 0
32097 16665 0
3939 3967 1
29837 32151 0
44344 44234 1
27623 27510 1
15825 15972 1
3586 3766 1
38822 15778 0
1272 1205 1
3729 1185 0
32475 38914 0
29862 29801 1
24336 24216 1
3733 20264 0
24117 20144 0
14650 31181 0
44486 44273 1
20297 24110 0
31116 15501 0
51164 24470 0
15886 15892 1
29706 16882 0
3634 3630 1
32292 32334 1
44158 44085 1
24005 14714 0
32136 1293 0
3550 1381 0
14671 14515 1
32349 32341 1
15792 15568 1
3935 11069 0
16902 24177 0
44016 14544 0
15623 24373 0
16605 20193 0
44264 44321 1
31429 15508 0
32041 15531 0
32043 24326 0
51313 32334 0
20321 20077 1
27755 3654 0
51296 51383 1
14533 15609 0
11493 44273 0
31072 3842 0
38547 38751 1
51180 51140 1
44199 44464 1
32054 32282 1
3872 3823 1
1062 1135 1
24177 32410 0
31094 31301 1
20140 20132 1
29530 29572 1
1425 1103 1
44248 20090 0
15605 38599 0
16911 16778 1
3743 51132 0
24345 32218 0
31488 31107 1
3983 3876 1
27573 27639 1
29519 31223 0
29862 44447 0
51282 51103 1
27874 27959 1
20192 20107 1
31083 31107 1
38637 38577 1
27998 16845 0
16711 27540 0
38502 14797 0
15596 1287 0
29733 29513 1
14549 14747 1
16700 16870 1
44042 44442 1
44324 44340 1
44369 20107 0
14849 14872 1
31307 32182 0
29521 29730 1
20239 51363 0
11224 32218 0
1133 1291 1
27850 44440 0
3978 24487 0
16902 16546 1
15815 15893 1
51448 51369 1
3810 31269 0
27861 24298 0
51308 16721 0
20389 20157 1
3870 3928 1
27656 15546 0
16684 31186 0
27750 11430 0
38699 38756 1
44472 1166 0
15775 15924 1
3945 31229 0
20324 16993 0
38806 38582 1
11049 27783 0
51435 51070 1
15730 15614 1
44178 24106 0
38558 3715 0
11353 38544 0
38833 16830 0
38921 38785 1
44005 24028 0
27638 20129 0
32403 32125 1
16986 31067 0
38885 38889 1
1469 27550 0
3539 14630 0
1469 1401 1
51033 38723 0
44149 44153 1
31071 38672 0
16777 16773 1
14646 14694 1
14940 11258 0
29697 29880 1
51436 11244 0
27730 27792 1
16591 16552 1
38739 24459 0
11074 11341 1
16684 27596 0
44167 44273 1
29983 29839 1
16732 11495 0
11240 51448 0
38630 15797 0
20330 24204 0
27573 15719 0
44444 44053 1
38625 1015 0
31027 31131 1
11492 15853 0
44289 44391 1
44171 32355 0
15972 15926 1
31186 31463 1
38599 38822 1
11122 11468 1
14930 14949 1
16983 51353 0
44412 44242 1
51047 31186 0
3846 15954 0
31494 16742 0
16985 24340 0
11385 15765 0
38767 38974 1
11127 29609 0
20402 20458 1
1313 1428 1
31274 27697 0
38684 15904 0
29738 16905 0
20203 20440 1
44237 44291 1
44292 44089 1
16508 38612 0
27704 24160 0
1157 20382 0
31120 31106 1
16939 16538 1
14853 14752 1
20204 20132 1
27864 27674 1
29783 29991 1
38857 51188 0
32142 15893 0
14997 14767 1
15594 15854 1
3930 3927 1
38779 38601 1
1303 1254 1
16912 16532 1
1086 16590 0
31016 24323 0
16890 16704 1
51140 3668 0
11385 27656 0
44004 1197 0
16688 1322 0
1169 38796 0
27921 27669 1
31278 27962 0
14992 38572 0
15553 15952 1
16573 51326 0
31427 38642 0
38982 44243 0
51327 24110 0
44279 24340 0
51218 3723 0
27992 3889 0
32144 16787 0
44139 16616 0
20030 20237 1
38602 20197 0
20153 38859 0
27768 11237 0
24111 51167 0
32043 14910 0
11020 11068 1
24246 14699 0
24091 24383 1
29982 29631 1
20218 20264 1
14681 27572 0
32292 29521 0
27639 20468 0
14793 14817 1
1345 1211 1
1063 1370 1
11080 11170 1
44199 20077 0
31134 29713 0
44226 44085 1
31443 31368 1
29617 29885 1
15705 20229 0
14861 14606 1
20180 20237 1
29752 44446 0
27980 31131 0
38833 27606 0
1113 1077 1
3558 14871 0
20126 20353 1
29520 51058 0
16737 1127 0
16870 15827 0
31280 11441 0
14575 14623 1
32486 32015 1
1313 15696 0
38547 24498 0
20469 20193 1
16535 38894 0
15653 15704 1
15925 15696 1
1109 3637 0
15808 27988 0
11088 11192 1
14617 14999 1
20340 38723 0
15900 14653 0
29593 11150 0
14608 14617 1
1411 11253 0
38941 38667 1
31131 20451 0
31064 31156 1
44033 44376 1
27841 29611 0
31270 51132 0
24118 24036 1
24499 38956 0
27861 32421 0
29709 29569 1
44214 44229 1
32416 32092 1
29722 38911 0
38885 38609 1
31379 31134 1
38923 38615 1
16945 11487 0
11141 29783 0
29519 29579 1
16924 1491 0
31155 31460 1
1368 20498 0
44046 44286 1
15953 15949 1
16655 11331 0
20491 20045 1
3553 44487 0
15572 15926 1
24445 11433 0
1166 3536 0
1232 1063 1
15949 20086 0
29770 14702 0
20050 20151 1
24306 3708 0
24317 3707 0
3546 3693 1
11461 44467 0
11020 27606 0
38806 38560 1
11144 11041 1
11033 11058 1
3799 3651 1
11326 15644 0
11298 11468 1
3936 3632 1
16504 16609 1
38548 38717 1
44412 44411 1
16713 11032 0
31479 31053 1
20239 29868 0
38725 3597 0
3644 3923 1
1334 11458 0
1476 31358 0
3521 14720 0
14743 14747 1
1234 11144 0
1300 1408 1
3646 20392 0
24119 11390 0
24209 15591 0
15596 15808 1
20047 32399 0
38567 1209 0
3764 3843 1
32307 14745 0
14853 14518 1
29730 1197 0
38617 24351 0
29595 20387 0
20176 20110 1
31243 31463 1
11190 14818 0
38866 20129 0
51116 51395 1
14839 38744 0
11409 15572 0
11024 3929 0
16806 29890 0
38534 3723 0
20340 14506 0
20177 20391 1
15896 3823 0
38558 38645 1
20361 20464 1
15990 15868 1
31426 31131 1
32098 32213 1
14679 14503 1
20432 20254 1
51185 24471 0
20241 20423 1
51198 16775 0
16700 27903 0
11362 11083 1
38824 38684 1
14718 51448 0
51402 51396 1
15927 15853 1
51348 32405 0
20149 1447 0
20391 20024 1
44232 44287 1
38809 15641 0
27760 20177 0
44202 31422 0
3617 51273 0
15553 20176 0
27697 27668 1
15516 29991 0
51144 51464 1
51435 51369 1
3880 29643 0
44259 32498 0
14747 11481 0
27594 27991 1
1456 1211 1
15546 32221 0
1029 31248 0
31056 20480 0
24460 32494 0
1338 1231 1
3829 32291 0
29933 24361 0
1089 1237 1
27527 27783 1
44233 14576 0
51005 51176 1
44186 44143 1
14825 1225 0
38658 38967 1
51446 51316 1
11122 51417 0
44011 29871 0
29733 1258 0
51305 1426 0
51068 44163 0
44442 51059 0
20458 51414 0
29651 29804 1
20178 51106 0
11298 44190 0
16693 27849 0
32029 32163 1
14850 14706 1
44212 44070 1
31285 15856 0
31436 31277 1
27659 27769 1
27513 51251 0
16983 16811 1
14933 44063 0
20020 20141 1
32043 51246 0
38779 32131 0
1327 31480 0
3630 3738 1
27628 1197 0
3901 38677 0
38716 31289 0
31339 31432 1
20176 16777 0
14636 14576 1
3547 20210 0
16943 32196 0
44207 27873 0
11220 11007 1
29760 29763 1
20312 20300 1
3684 29998 0
31102 16899 0
31117 44001 0
31006 31162 1
11403 38647 0
38541 38547 1
11156 27915 0
24336 3983 0
38700 38766 1
11326 11319 1
15561 11231 0
1062 31227 0
1381 1322 1
24462 24315 1
3505 3729 1
11405 38673 0
14600 14776 1
32449 32123 1
3551 3787 1
38952 32276 0
20151 38917 0
24225 24099 1
15814 15530 1
44016 27510 0
14533 14985 1
3966 31194 0
3692 29991 0
27664 16902 0
29731 1135 0
1072 1322 1
16682 20080 0
29592 1383 0
27865 27630 1
14917 15831 0
51330 51086 1
51140 31173 0
3532 20408 0
51156 51368 1
24142 24022 1
20217 20379 1
16866 16732 1
38693 29612 0
24405 24317 1
24242 24179 1
1411 51382 0
15665 15879 1
20115 15662 0
14871 31437 0
15905 15886 1
15644 1311 0
24418 24091 1
51034 1460 0
32294 32351 1
15572 15704 1
29811 29975 1
1428 29727 0
20409 15879 0
11066 24425 0
27971 44489 0
11057 27763 0
31395 31330 1
20151 27763 0
44202 44167 1
20037 16870 0
16763 38696 0
31170 29678 0
20360 20059 1
15814 15962 1
27760 27969 1
29558 51346 0
1339 1432 1
31248 31029 1
44473 44261 1
29974 29882 1
27730 11048 0
24402 24367 1
51286 32187 0
14534 3862 0
27792 27921 1
27971 24471 0
51089 51093 1
15940 15713 1
3870 3922 1
32416 32380 1
38835 15696 0
32301 29786 0
31448 31211 1
32303 20398 0
20239 24463 0
44492 38910 0
20488 24417 0
32479 32147 1
20099 51111 0
16995 16747 1
27771 38886 0
1242 1014 1
15822 15997 1
31449 11303 0
20402 32371 0
15888 15953 1
27632 27749 1
1089 1368 1
27678 27840 1
24117 51459 0
31121 1142 0
24202 24208 1
15932 44010 0
44172 51207 0
27601 38967 0
14609 31211 0
16890 29598 0
3638 3888 1
20491 20018 1
15798 32142 0
20491 31494 0
44402 44063 1
14688 14979 1
32194 14650 0
51465 15611 0
32045 32213 1
14700 31106 0
27947 27949 1
11132 11455 1
32188 32060 1
24201 32191 0
1217 11127 0
1491 1107 1
1240 1259 1
15877 14722 0
32286 32223 1
24273 24310 1
3517 3878 1
20097 44355 0
15877 38937 0
24295 24326 1
31057 31121 1
38502 1127 0
20108 20462 1
51010 51256 1
1204 44089 0
32377 32249 1
32043 32185 1
11193 11450 1
51038 51119 1
1194 1127 1
20110 14918 0
16578 29766 0
29552 29600 1
29538 15877 0
29731 29809 1
44434 44167 1
3571 38816 0
27712 27544 1
44208 44010 1
51025 31162 0
38593 38505 1
31213 31049 1
14830 14997 1
3933 3519 1
11393 11428 1
29893 15747 0
44109 15750 0
1232 1106 1
1059 1237 1
16682 16586 1
15585 15836 1
38676 29731 0
20030 20024 1
16686 1343 0
24382 31210 0
51369 51256 1
24244 24298 1
1398 29985 0
16845 16764 1
16823 16703 1
32081 32407 1
20492 20332 1
32002 20330 0
11310 32433 0
51368 51150 1
3618 32282 0
20254 20490 1
44179 14885 0
11459 24389 0
20329 44115 0
44468 44108 1
16823 14824 0
11095 11209 1
27760 27862 1
44169 14885 0
38617 38712 1
32112 32498 1
16751 16854 1
14870 11024 0
11054 27510 0
14852 14603 1
15528 15562 1
1415 1475 1
31064 24478 0
11274 11303 1
16528 14870 0
44140 44389 1
32257 31050 0
20078 20004 1
16889 31145 0
11405 11190 1
27704 15928 0
31315 31080 1
15932 24477 0
29536 29554 1
24446 51386 0
3605 38696 0
24117 24478 1
3873 38521 0
11153 14608 0
32019 1080 0
24278 24031 1
27599 3509 0
15984 15649 1
44495 44316 1
31055 27889 0
16963 16921 1
20409 51056 0
3628 31051 0
27550 31463 0
38710 3644 0
11205 11225 1
32445 32233 1
38625 38546 1
3853 3972 1
27971 27740 1
3933 3935 1
51457 1389 0
31057 31017 1
29722 14517 0
24164 24079 1
15925 15812 1
51098 51258 1
32419 32221 1
16703 44457 0
24336 24133 1
16839 16994 1
27729 15512 0
14546 1128 0
29674 31103 0
1075 1345 1
32445 32392 1
16863 29768 0
3903 3859 1
1367 1343 1
20000 15861 0
29732 24232 0
29909 15979 0
51335 51236 1
20465 11253 0
29755 29836 1
16995 16711 1
11482 14760 0
44233 44065 1
20171 20468 1
14986 14885 1
32292 32038 1
27856 27907 1
31043 15738 0
31217 15644 0
14825 14893 1
29605 14539 0
11083 32242 0
44242 29720 0
32228 32153 1
1133 32324 0
16784 51331 0
32349 32212 1
31064 14995 0
1128 1381 1
11205 11190 1
31429 29531 0
27957 27775 1
44218 44180 1
16601 16927 1
1474 15962 0
38555 11274 0
15629 51352 0
32463 11110 0
44023 44057 1
15994 38886 0
29832 20078 0
11202 11306 1
29880 3854 0
14636 14568 1
3769 3705 1
20452 20428 1
32005 32485 1
1240 38558 0
3608 38615 0
31006 31013 1
31465 31267 1
11385 11193 1
1463 1477 1
27760 15696 0
31069 29674 0
20154 1396 0
11193 11335 1
44182 44357 1
27841 16515 0
32466 44214 0
31385 31421 1
44478 44021 1
51390 3691 0
44478 44149 1
51479 31272 0
38882 24335 0
20035 24362 0
11147 16922 0
44417 44021 1
31438 31341 1
29641 27553 0
32032 32319 1
29579 29766 1
29875 29888 1
11200 3923 0
31109 44039 0
31250 15549 0
31278 31049 1
27729 27955 1
29851 29923 1
11240 1314 0
11279 20497 0
29962 11192 0
44411 1424 0
29547 29847 1
44327 44355 1
14920 16752 0
15609 15649 1
11020 11475 1
38626 20195 0
38667 15651 0
14670 14752 1
24268 31315 0
20313 20229 1
16651 16680 1
29851 29862 1
31423 31181 1
16841 16922 1
24005 24430 1
1494 27807 0
11009 3842 0
20144 31234 0
24454 24470 1
31307 31262 1
20353 16538 0
38910 24314 0
51086 1080 0
11298 11185 1
27904 27856 1
44040 44291 1
44050 31223 0
16841 16524 1
31304 31212 1
14944 3902 0
14795 51468 0
14659 14887 1
44286 44134 1
3936 32380 0
29975 29569 1
27534 29772 0
1321 11025 0
16688 16622 1
15546 32459 0
3660 3842 1
44098 31439 0
3726 51058 0
44328 44249 1
51256 44249 0
44022 1099 0
16817 16805 1
27962 27690 1
16972 16604 1
11316 11143 1
29770 38579 0
32371 32019 1
51284 29522 0
31468 29587 0
31100 31162 1
31438 31406 1
15609 1340 0
3971 38706 0
38766 3812 0
29709 29976 1
38886 16554 0
31002 31099 1
24283 29890 0
3734 15850 0
27817 32316 0
20366 32169 0
27992 20408 0
44456 44016 1
29872 20390 0
11405 31003 0
14879 14887 1
29596 29671 1
24437 38573 0
38769 38517 1
27809 27697 1
16591 51283 0
14920 31147 0
44314 51471 0
24153 24231 1
27776 27670 1
24227 31465 0
1260 1466 1
1494 3849 0
51494 16712 0
11111 3545 0
14889 14900 1
11202 38572 0
44098 29858 0
44011 44163 1
38806 3658 0
31387 38935 0
14912 29874 0
11057 11331 1
38893 38667 1
44137 51331 0
38731 38751 1
14714 14861 1
31386 14750 0
1478 1229 1
3604 3564 1
38967 20488 0
44440 16502 0
51474 24049 0
44479 15665 0
51150 32131 0
32401 51344 0
20003 20326 1
20207 20193 1
1274 31339 0
31089 3832 0
20494 20223 1
1138 20398 0
3526 3658 1
31195 15812 0
24162 24097 1
29961 11395 0
32445 44335 0
16889 24068 0
16800 16645 1
16670 16648 1
44233 44111 1
38952 38656 1
11253 11450 1
32427 15775 0
11012 11389 1
29934 1225 0
1242 20424 0
15855 15841 1
1479 1062 1
16949 16523 1
31379 1291 0
44199 44461 1
1176 27664 0
15936 20254 0
16983 16544 1
1157 1311 1
38529 3862 0
51156 31071 0
31011 44486 0
38986 38562 1
31439 24381 0
3939 44238 0
14834 11079 0
27809 32434 0
3827 3953 1
1258 1241 1
32098 31166 0
16551 24082 0
14521 14797 1
29643 51479 0
44416 44287 1
29678 29550 1
38643 38974 1
44178 44356 1
11153 16552 0
11353 38814 0
1290 1404 1
31387 38888 0
44130 51010 0
1425 1495 1
1456 44225 0
1142 38983 0
29717 20326 0
51395 32339 0
24268 24261 1
15677 14528 0
31414 31111 1
1360 32405 0
15663 15849 1
20236 20378 1
31029 3646 0
1492 1489 1
3878 31406 0
20188 20303 1
11163 11089 1
16600 16965 1
15718 15990 1
32319 32061 1
51307 51290 1
20499 20084 1
38995 38912 1
14959 44436 0
3715 51145 0
38881 16568 0
11451 11007 1
29619 29503 1
20079 20091 1
32077 31103 0
24031 24386 1
24125 1439 0
1075 1293 1
24050 24161 1
11264 15633 0
38943 1457 0
14509 14740 1
44495 44468 1
24239 1151 0
1479 1307 1
31117 31381 1
15629 31194 0
1293 32242 0
16547 51354 0
3550 3505 1
3873 38504 0
16512 16639 1
24202 24236 1
11347 1474 0
29600 29901 1
3962 3765 1
51265 51080 1
38914 11231 0
3505 3501 1
16601 15875 0
3766 3628 1
3932 1086 0
44328 14960 0
1321 27993 0
51368 51010 1
24070 24414 1
24317 24314 1
15677 16862 0
32197 32365 1
44206 14686 0
11465 11193 1
44467 44447 1
38770 14737 0
27762 11382 0
3705 32015 0
31196 20440 0
3532 38891 0
16796 27983 0
3792 3799 1
51269 51483 1
14641 44223 0
16968 16782 1
51164 51087 1
51247 44306 0
44443 24318 0
16639 51084 0
24462 11142 0
16945 1307 0
32324 32316 1
44461 44340 1
14580 14544 1
24052 20378 0
16835 32219 0
3550 27963 0
27763 27668 1
29595 29521 1
51435 44001 0
24298 24415 1
20124 11294 0
14598 24182 0
3714 20300 0
27831 14511 0
11066 11407 1
1086 1171 1
31198 16554 0
15910 15816 1
16942 16648 1
11036 11083 1
51411 38924 0
31343 31409 1
24285 51363 0
1451 31500 0
14643 14919 1
31108 20307 0
15960 15667 1
38702 3708 0
14575 20398 0
31369 32221 0
24454 24179 1
44227 44377 1
1286 14559 0
14853 38601 0
1272 1445 1
29874 20452 0
20045 27660 0
15573 16994 0
1002 27606 0
3745 3974 1
15902 1383 0
29540 38867 0
20125 32117 0
16912 44444 0
15973 15545 1
27752 44115 0
15516 15939 1
14786 44193 0
32077 31134 0
11380 11492 1
44466 32127 0
15697 3738 0
32333 32493 1
51370 51102 1
20163 1069 0
15500 15534 1
20386 20256 1
15833 24160 0
1268 1016 1
16901 29770 0
14897 51111 0
11347 16753 0
51299 51293 1
20236 31432 0
32259 29616 0
44466 44284 1
51348 15667 0
14533 24336 0
31461 20428 0
29569 29648 1
31439 31294 1
16514 16860 1
20097 20018 1
32338 32070 1
51457 31197 0
1257 44492 0
29994 38944 0
1454 1205 1
16693 11229 0
44095 15858 0
1417 1202 1
32240 51171 0
15815 14718 0
20215 1007 0
16504 14938 0
31189 20127 0
29781 3755 0
11002 44400 0
15572 51335 0
29722 27674 0
29912 11308 0
31424 31420 1
31210 31102 1
3916 3799 1
14954 14933 1
14962 14919 1
38567 3813 0
27632 27623 1
38608 38889 1
16779 16551 1
20361 15853 0
14823 38642 0
16682 31186 0
15876 15787 1
27534 31290 0
27729 15550 0
1463 1396 1
20101 29933 0
16965 3862 0
29962 29776 1
27610 38644 0
44328 44461 1
32392 16994 0
16943 31170 0
51370 32252 0
51313 14714 0
31346 31064 1
15936 1203 0
14943 14681 1
29671 29925 1
24164 24190 1
51331 51388 1
20110 16915 0
51098 31406 0
24137 16903 0
27694 27834 1
11319 11254 1
31342 29865 0
3505 44322 0
44234 51417 0
24445 14752 0
51065 27812 0
20108 24036 0
31278 44105 0
16542 51315 0
24327 24028 1
29766 11231 0
51283 31468 0
20239 31173 0
27588 15573 0
20313 20164 1
29536 29600 1
24354 24102 1
3865 3922 1
38972 38697 1
1238 11262 0
27984 27882 1
15896 44157 0
20296 20225 1
31278 31302 1
32254 29732 0
38575 38717 1
15949 15614 1
44055 44193 1
32314 16993 0
11316 51028 0
51163 24003 0
24345 24082 1
1144 1211 1
11048 24453 0
3978 16523 0
20192 20164 1
14718 14606 1
14910 31409 0
24266 51398 0
24164 44031 0
51382 51290 1
11224 38996 0
31287 31414 1
44253 44173 1
38967 51198 0
27588 27670 1
20381 20147 1
32375 29958 0
27762 27628 1
3834 3957 1
32197 27846 0
44066 31011 0
11435 11385 1
1479 1293 1
29776 31437 0
15867 15816 1
24227 24446 1
20058 20091 1
27516 15853 0
11329 29513 0
31026 1388 0
16573 15793 0
15662 15928 1
27837 11024 0
44468 44435 1
1334 1144 1
20139 20132 1
14986 20080 0
24437 24463 1
1009 27740 0
38912 38598 1
29654 29989 1
1321 29673 0
38589 31103 0
31006 16789 0
20243 20182 1
11028 11306 1
11181 11348 1
20157 1202 0
15561 15562 1
11380 15562 0
3953 3631 1
3860 3854 1
44287 16604 0
16889 16983 1
14598 29647 0
15649 24411 0
1339 11086 0
1207 32257 0
24481 51494 0
15594 14646 0
27856 29533 0
38972 14944 0
1321 27719 0
44059 31341 0
44046 44309 1
27735 16581 0
32126 31423 0
38778 20020 0
20254 20323 1
29503 29539 1
44416 44454 1
38976 38702 1
31274 1084 0
31308 31166 1
38857 38577 1
29688 11450 0
11056 11481 1
38519 38673 1
32288 32491 1
38699 27778 0
14998 44285 0
38979 38744 1
27963 24430 0
16508 16993 1
1454 44171 0
14797 3964 0
51024 51001 1
31424 31042 1
51382 38589 0
38976 32213 0
38776 38696 1
32247 32147 1
15500 15810 1
31319 31045 1
20015 20468 1
44381 16984 0
14670 14547 1
1104 11090 0
1398 11150 0
1093 3703 0
24195 31380 0
16841 16718 1
11219 31013 0
44482 44466 1
29825 14503 0
11366 11224 1
3561 3646 1
38700 38645 1
15939 1007 0
24340 44149 0
29837 29688 1
15940 15763 1
44169 14549 0
3843 3597 1
32493 32472 1
27773 27860 1
14664 14951 1
31401 51207 0
20204 51300 0
11318 11117 1
1339 1237 1
38852 32478 0
29871 29566 1
38718 38911 1
44145 44044 1
27573 27891 1
1327 20080 0
3691 51497 0
38960 3969 0
1040 1014 1
3868 3708 1
14737 24136 0
44497 3670 0
14938 16967 0
44154 1004 0
24354 32071 0
27566 44141 0
14943 14501 1
38941 44273 0
16942 16704 1
11213 11353 1
51348 51377 1
29530 27949 0
15595 44348 0
31031 31500 1
14961 14539 1
24062 51354 0
51155 27621 0
14700 15643 0
20237 15849 0
3915 3660 1
11283 14722 0
3846 14924 0
38662 38684 1
16663 29908 0
24353 24112 1
24493 24394 1
20049 51361 0
31385 38534 0
15952 15715 1
32412 32425 1
16995 16763 1
32098 32117 1
11211 31031 0
31312 51116 0
15542 44355 0
14787 14752 1
38579 38602 1
32025 32092 1
16769 14818 0
16624 16921 1
24121 31380 0
27967 11389 0
51125 51310 1
31386 31030 1
44468 27524 0
11255 11117 1
38809 1044 0
20207 20084 1
32412 32351 1
3956 51315 0
51033 27789 0
44456 16986 0
1287 24323 0
3745 3532 1
38658 38813 1
14932 20332 0
32108 32081 1
11443 44256 0
29847 14683 0
20252 31212 0
24259 31180 0
51350 20058 0
1272 3793 0
29833 51387 0
27803 3917 0
29788 20099 0
32098 32314 1
29600 32454 0
44416 44238 1
44072 44044 1
27760 29906 0
14618 14731 1
14648 20490 0
27730 3614 0
3878 31109 0
38566 11231 0
44378 31468 0
14795 29600 0
16987 16755 1
24182 31094 0
32169 31236 0
3772 3693 1
51163 24414 0
24437 24056 1
16655 16806 1
51140 32213 0
14667 15836 0
3558 3889 1
38816 38882 1
32286 51132 0
44264 44309 1
24418 24143 1
32182 32126 1
3932 3966 1
24026 15542 0
44095 44424 1
38608 38785 1
29511 51273 0
51415 20499 0
3511 29611 0
1104 1471 1
31499 24162 0
32112 15614 0
31197 31042 1
11267 29843 0
16694 27628 0
32322 32111 1
16866 16907 1
44285 24295 0
16862 16921 1
27653 38816 0
1023 29722 0
1271 51049 0
44195 24125 0
27894 27575 1
1334 1472 1
16747 20141 0
20270 20323 1
3690 15629 0
24463 44289 0
16852 16915 1
38928 27544 0
16976 15543 0
44040 44190 1
29976 44091 0
51268 3658 0
32419 32256 1
1241 1428 1
16624 16540 1
32002 32056 1
32015 38917 0
32089 32017 1
20389 20446 1
14599 14643 1
44172 44314 1
24037 31089 0
24259 44344 0
38809 38867 1
38658 38934 1
38667 38894 1
27789 1303 0
14679 20345 0
51127 51268 1
29568 38601 0
11122 11225 1
27664 27691 1
51417 51385 1
20493 20351 1
51383 51119 1
29951 29568 1
38547 38561 1
1128 38739 0
38570 29586 0
1260 24400 0
31357 14774 0
11308 1153 0
3654 3831 1
1067 1171 1
32363 32314 1
44370 44035 1
15886 15758 1
29974 29847 1
38664 27955 0
29858 15819 0
27585 27740 1
29971 29515 1
16830 16686 1
1055 1040 1
51258 51386 1
20493 20432 1
32333 32119 1
14801 15775 0
14508 14776 1
15793 20108 0
32166 44089 0
32153 32111 1
32269 32440 1
3916 3611 1
29989 24431 0
44285 44166 1
31465 31252 1
51330 51352 1
51311 20240 0
3973 14852 0
51007 51403 1
29734 38852 0
14968 14731 1
24354 1023 0
29733 29617 1
32190 32425 1
27874 29764 0
16932 16870 1
32074 32456 1
11346 11319 1
27930 44306 0
24381 24097 1
11198 38813 0
27555 3668 0
15595 15703 1
1169 1401 1
44109 15611 0
44154 44411 1
1259 31289 0
31443 51414 0
44206 44057 1
31185 44031 0
20291 20204 1
15738 29587 0
16944 51176 0
11074 11365 1
38618 15550 0
27670 27511 1
14722 14536 1
14824 24486 0
31161 31360 1
27850 27595 1
38822 1491 0
27962 29970 0
3792 3532 1
1259 31161 0
27919 27925 1
27745 27540 1
38952 44154 0
29925 29561 1
3547 29606 0
31109 51476 0
32136 32478 1
16512 11365 0
1445 27553 0
51211 51095 1
44053 44284 1
27834 14904 0
15603 15701 1
1415 3501 0
31189 44121 0
29538 29500 1
27827 27500 1
16932 44220 0
24266 24142 1
15932 15729 1
44178 44158 1
51218 1107 0
44108 44464 1
44042 32089 0
3667 24153 0
11387 24236 0
11155 38613 0
14536 38713 0
29549 29666 1
44044 44120 1
29755 31063 0
38589 38751 1
31198 31197 1
51140 32399 0
38630 3537 0
14537 14587 1
3611 31173 0
27760 3564 0
16605 1447 0
31341 16915 0
11020 1211 0
1451 1487 1
11294 16540 0
38810 38816 1
15893 15758 1
15619 15929 1
51327 51209 1
44109 20166 0
38502 24486 0
51137 1044 0
32420 15867 0
32353 1385 0
27513 27803 1
44183 44256 1
44044 44023 1
15716 15530 1
14866 14933 1
16656 16532 1
3848 3972 1
15528 15653 1
32002 20108 0
32190 24162 0
27834 31196 0
44212 20132 0
29985 29889 1
32396 20084 0
15516 15875 1
20049 15665 0
11193 11402 1
24362 24179 1
51381 3878 0
20153 11177 0
32254 11497 0
44175 44232 1
15572 15568 1
1135 1225 1
29840 29607 1
15902 11260 0
29641 16615 0
29688 44415 0
20032 20147 1
1334 1112 1
29747 1486 0
32114 32027 1
29934 29865 1
24372 24195 1
31213 24049 0
38676 38534 1
15886 15962 1
16841 16913 1
29554 29683 1
11134 11054 1
3741 3516 1
3943 32364 0
11144 14582 0
29730 29603 1
3878 44248 0
14985 14538 1
51286 32056 0
51058 15810 0
51319 16894 0
11403 11084 1
11208 11142 1
27844 27756 1
24084 1069 0
11163 11066 1
29833 29738 1
51287 51106 1
38739 38626 1
51089 51326 1
32060 32061 1
31026 14825 0
20187 51111 0
32371 32440 1
11366 38526 0
1460 1081 1
20115 20283 1
51097 51476 1
1157 14938 0
51149 51358 1
20296 20084 1
32310 44291 0
11456 38677 0
3558 3858 1
16898 32213 0
15898 51065 0
11334 11157 1
31416 31296 1
16617 29808 0
3895 3707 1
32147 32392 1
14521 14795 1
11403 24386 0
24207 24340 1
20032 20161 1
20191 32380 0
1491 1471 1
31401 24234 0
44044 11482 0
32401 31102 0
20231 20197 1
14867 14646 1
31465 31341 1
31339 31391 1
15763 15896 1
44341 44209 1
51326 32127 0
14650 14559 1
16591 38867 0
11211 11272 1
38555 15556 0
32144 32307 1
31213 32196 0
51041 51251 1
44328 44385 1
31056 31148 1
16845 14568 0
15821 15633 1
51185 51248 1
38809 38718 1
11191 11165 1
20465 15701 0
38595 27909 0
27995 14788 0
32056 32047 1
11180 31051 0
44247 44254 1
24079 20151 0
20360 20217 1
1492 20044 0
51010 51497 1
44296 44247 1
20163 32074 0
15718 38682 0
1059 38979 0
14875 14528 1
31273 31315 1
31109 31042 1
11243 44102 0
44167 44251 1
29829 29732 1
20243 20166 1
29776 3516 0
24435 32116 0
15603 15816 1
32365 24188 0
51461 51198 1
14533 27638 0
44249 44085 1
38658 38935 1
51317 51041 1
15716 15513 1
31401 20296 0
44223 44193 1
29976 29808 1
15674 15860 1
3834 3611 1
14602 15775 0
1469 1405 1
20492 20446 1
16606 16842 1
3618 27957 0
32240 31111 0
20101 20046 1
16883 16556 1
29579 11150 0
51246 51145 1
1400 44340 0
3860 3897 1
29678 29747 1
1386 15653 0
51239 51395 1
1064 1032 1
31236 32338 0
31461 20274 0
3726 31094 0
29595 29683 1
15893 31398 0
31064 32027 0
31156 31334 1
32433 38741 0
51140 51377 1
29893 29522 1
31278 15848 0
44345 15963 0
31274 44256 0
3634 1426 0
24153 51188 0
16965 16951 1
51005 51236 1
24015 24373 1
24486 32117 0
24445 51494 0
16506 14776 0
16688 11471 0
44183 44385 1
51127 27912 0
16687 16615 1
14602 32405 0
51029 27618 0
38833 14794 0
20058 27949 0
38524 3974 0
32242 44121 0
29768 20166 0
44056 44256 1
15579 51102 0
14599 14587 1
3781 51363 0
32427 11444 0
16927 11274 0
11326 11365 1
11385 3831 0
20176 20018 1
14805 51368 0
29821 29860 1
31468 32230 0
29670 29793 1
3916 3708 1
51194 51125 1
38541 3832 0
31479 31123 1
29990 38642 0
38733 38713 1
24481 3956 0
1265 1247 1
1474 38720 0
31357 44232 0
31343 14506 0
38531 20379 0
29697 29568 1
15920 11487 0
3745 32228 0
31421 31123 1
32061 38859 0
51149 16700 0
11190 11468 1
1109 20387 0
15582 51001 0
24100 24234 1
1460 11069 0
1466 1237 1
1493 20464 0
15927 27761 0
15603 15847 1
38702 38894 1
32420 32472 1
24460 24378 1
20472 20256 1
32032 32166 1
14968 14795 1
24483 24222 1
11326 14568 0
11466 1208 0
11414 14694 0
32300 24373 0
16688 16645 1
1043 29729 0
20037 3878 0
32233 11408 0
1405 1403 1
15936 15741 1
16640 16718 1
27665 29500 0
1176 20079 0
1434 1447 1
31368 11121 0
16662 16870 1
31186 31391 1
38954 51385 0
32368 51120 0
1463 1368 1
32179 32465 1
11298 11275 1
29564 31218 0
27864 27941 1
32420 32222 1
51326 11168 0
20303 20428 1
15898 15610 1
31026 27837 0
16927 16502 1
32377 32110 1
51348 51449 1
20079 38682 0
44473 44209 1
38871 14623 0
51494 51368 1
15611 31134 0
14887 14760 1
11494 16578 0
14761 3654 0
38503 38627 1
29949 11395 0
51319 20046 0
16987 16540 1
24454 24143 1
1287 29545 0
24498 3519 0
16505 16604 1
32387 32291 1
32213 29626 0
29641 29748 1
51309 32111 0
14577 14786 1
29833 29937 1
31267 24193 0
51283 44298 0
32356 15926 0
32486 32454 1
1035 31124 0
24460 24435 1
24273 44446 0
38630 38816 1
1040 29531 0
24476 27567 0
16707 11214 0
24139 14515 0
32478 27617 0
51395 51075 1
11405 51124 0
29651 29985 1
20180 20332 1
1059 1272 1
24118 27566 0
51327 51459 1
32333 32077 1
44434 27781 0
24216 24107 1
31063 27610 0
24431 24412 1
20239 44139 0
51291 16711 0
11315 51012 0
16664 16782 1
31217 38572 0
44227 44072 1
38810 3781 0
1463 1166 1
14885 31218 0
27965 27532 1
20358 20127 1
27809 27920 1
51406 51397 1
51016 51236 1
29733 29976 1
38908 38739 1
11465 44378 0
27618 38557 0
44378 44044 1
32223 32176 1
16772 16774 1
44197 11056 0
32433 32326 1
51268 51251 1
15662 15878 1
27594 24465 0
38828 38971 1
20115 11275 0
20435 1262 0
3907 3610 1
51061 32255 0
32182 32375 1
11114 11208 1
16779 16691 1
32419 16721 0
38535 27768 0
51347 1065 0
31186 15713 0
11294 20111 0
1478 32338 0
31170 31156 1
44150 44363 1
38928 38973 1
31424 3801 0
51489 44176 0
32333 14515 0
31163 24293 0
51180 24411 0
11298 24052 0
32052 31227 0
27580 1056 0
14892 31382 0
44166 3523 0
1492 1062 1
14699 51189 0
27721 29934 0
1496 20057 0
29981 14722 0
29589 15847 0
11433 32409 0
16590 32086 0
16610 16517 1
3550 31196 0
14696 51319 0
1339 1212 1
20059 20378 1
11275 11041 1
44005 44463 1
16656 38769 0
27865 27556 1
1386 1252 1
38810 14767 0
3516 3693 1
24259 31262 0
51029 1389 0
11267 1115 0
14659 16723 0
20151 1171 0
51383 51344 1
14884 14767 1
31429 27771 0
11283 11020 1
3969 3819 1
32089 16661 0
3743 3781 1
16512 16804 1
29730 11418 0
51265 27840 0
15855 15853 1
32380 32438 1
27807 27555 1
20492 44256 0
15814 29706 0
51148 51354 1
3906 3958 1
31156 29747 0
14581 14518 1
3546 3703 1
27861 27834 1
27838 38733 0
51033 1489 0
24327 24192 1
11456 1072 0
51352 51008 1
38667 38672 1
16778 51310 0
44220 44321 1
31006 14787 0
15550 15810 1
38522 51402 0
3505 44249 0
38548 38681 1
15531 1391 0
38653 51417 0
31180 31380 1
16913 15662 0
32249 31341 0
29740 29651 1
11451 16517 0
3588 15855 0
31094 31211 1
15712 1401 0
31218 44211 0
11459 11335 1
14977 1198 0
11153 11294 1
32371 32221 1
27598 27941 1
3690 11318 0
32451 32219 1
14743 14876 1
44497 31026 0
29983 20401 0
14670 14997 1
24251 38773 0
15998 20164 0
3827 29946 0
32004 14752 0
20008 20377 1
3751 38744 0
24050 24052 1
44178 14762 0
29729 29550 1
51346 38564 0
3619 32056 0
44286 44209 1
16665 29809 0
11461 51144 0
14852 1107 0
27573 24357 0
1406 32081 0
24361 31195 0
29985 29882 1
3517 3933 1
15648 15841 1
27987 51464 0
3927 44053 0
11437 29776 0
27513 27505 1
24050 51430 0
27760 27769 1
44382 38655 0
16662 24270 0
14636 14715 1
16564 16750 1
1322 38890 0
15953 15835 1
16712 16773 1
11156 51273 0
29600 29933 1
1469 51211 0
3889 3519 1
14661 51185 0
31424 11033 0
51202 38764 0
16959 31385 0
15648 20389 0
3531 3519 1
24191 15501 0
24124 44279 0
24259 38656 0
20281 20227 1
29643 24110 0
27508 14621 0
15960 15741 1
20218 20283 1
1321 51335 0
24222 29683 0
15663 15705 1
29990 29540 1
24111 15641 0
27805 20129 0
32153 32117 1
1338 31341 0
14932 29975 0
31423 31227 1
44478 44447 1
14921 14708 1
3865 16870 0
32349 32292 1
32190 32475 1
11496 11147 1
32098 16750 0
11444 11253 1
27980 27874 1
51347 51483 1
24400 24485 1
32163 32015 1
32380 32110 1
32179 24196 0
27921 27571 1
3688 3971 1
20149 20378 1
29671 29547 1
15835 15784 1
44247 44130 1
11283 11428 1
44313 24182 0
24095 31011 0
31197 27626 0
24195 24121 1
20227 20205 1
32025 32218 1
15677 15835 1
44341 38897 0
15799 15877 1
16944 14726 0
15512 32029 0
27969 27750 1
20090 20144 1
44396 44031 1
11036 27707 0
27750 27889 1
16901 16845 1
32282 32389 1
1457 1032 1
29657 29951 1
3936 3583 1
31386 31294 1
24217 24357 1
3939 3609 1
24443 27578 0
20168 38560 0
20218 20405 1
20124 20162 1
1241 24414 0
1293 32129 0
51028 51138 1
11409 11404 1
15825 3787 0
32144 11144 0
1460 31402 0
11491 11069 1
14745 24161 0
32247 27595 0
31156 51268 0
24037 44234 0
38575 38821 1
20000 20046 1
11074 11185 1
31387 31011 1
38937 11316 0
44341 51150 0
24230 27517 0
38937 31195 0
44042 11465 0
32054 27761 0
38676 16609 0
29639 44487 0
16962 11479 0
16519 38644 0
1241 15835 0
20363 20050 1
27814 27860 1
11077 11305 1
51393 20193 0
27749 44055 0
51137 20047 0
1472 11231 0
38543 38702 1
32365 32205 1
16968 14894 0
11427 11032 1
24102 24047 1
29738 29874 1
1432 1040 1
51127 51097 1
51396 51053 1
32223 32341 1
38664 16601 0
3958 3809 1
27730 27769 1
27592 27955 1
32228 32092 1
15680 31011 0
16875 16769 1
38542 31335 0
29990 44139 0
32394 32478 1
32379 32111 1
24191 24188 1
3658 3607 1
3602 1043 0
24378 3787 0
3922 14775 0
1185 38736 0
44175 44400 1
20168 38914 0
32112 32239 1
16841 16860 1
14546 27594 0
27516 27790 1
15712 15550 1
1063 1381 1
15705 38502 0
38851 24033 0
14747 11170 0
51350 51116 1
29606 29568 1
38867 38996 1
11153 11049 1
16694 11477 0
16936 20003 0
38575 20493 0
20491 20177 1
3883 31280 0
24382 51308 0
24446 16839 0
20032 20390 1
38534 38538 1
15552 20345 0
3968 3694 1
29833 29995 1
24081 44482 0
11156 11151 1
1405 1451 1
38851 20100 0
3553 3564 1
16880 16939 1
44021 20012 0
1245 1286 1
1133 1367 1
51014 51146 1
27534 27803 1
44487 44229 1
14897 31083 0
14700 32082 0
1118 1287 1
11202 11409 1
15553 15805 1
16703 16752 1
29821 29990 1
20465 20398 1
29837 31223 0
31433 11331 0
29938 15835 0
20446 44232 0
51291 29955 0
51033 16842 0
1339 1258 1
11067 11058 1
51296 38853 0
15928 15849 1
11337 14918 0
24084 24274 1
14507 14798 1
14954 14787 1
15581 31359 0
31174 14752 0
38839 29613 0
31302 24448 0
24239 24385 1
27704 24361 0
16912 3983 0
29892 51340 0
24266 20149 0
51137 31242 0
27965 51137 0
15833 20182 0
3595 15738 0
16968 29562 0
31352 31211 1
51044 51080 1
32452 16902 0
44460 44065 1
51056 1252 0
14650 14518 1
27617 27968 1
14679 3597 0
32069 27688 0
27761 14517 0
11077 11180 1
29783 29731 1
44199 15799 0
24377 24070 1
15831 3501 0
11177 20046 0
29861 29828 1
3902 3726 1
14853 14779 1
16745 16704 1
38719 38866 1
27745 27804 1
38890 38538 1
27780 27641 1
32017 20467 0
51479 14745 0
20035 20132 1
32066 3751 0
44382 27958 0
3902 3859 1
1038 1497 1
3870 3966 1
11197 11192 1
27599 51368 0
20100 20157 1
51146 31296 0
1313 11228 0
38702 38607 1
1419 11455 0
20386 27958 0
24279 24140 1
31269 31397 1
16777 16830 1
11020 11054 1
24460 24300 1
29503 29592 1
24251 24000 1
27587 27555 1
44033 44044 1
44163 44023 1
29772 29537 1
24227 24408 1
51419 51489 1
51435 51047 1
51404 51222 1
27740 27505 1
29923 29587 1
29858 29739 1
29819 29772 1
24450 24003 1
11107 11272 1
3772 3956 1
51383 51445 1
38736 38974 1
32019 32127 1
11213 11466 1
16689 16713 1
16694 16611 1
38531 38504 1
24072 24179 1
1169 1072 1
51137 51214 1
51116 51363 1
24350 24033 1
24160 24054 1
31460 31050 1
32303 32074 1
11002 11033 1
27776 27571 1
16841 16779 1
14849 14643 1
31449 31280 1
1406 1268 1
14723 14999 1
3842 3723 1
31343 31386 1
11198 11058 1
27846 27686 1
20115 20149 1
51445 51319 1
29519 29664 1
24383 24330 1
31155 31148 1
15603 15713 1
16674 16903 1
1490 1472 1
1367 1016 1
14699 14541 1
24119 24268 1
3653 3688 1
44098 44115 1
1317 1396 1
3978 3856 1
3906 3634 1
29742 29748 1
14959 14538 1
31394 31163 1
31096 31452 1
31409 31017 1
29772 29890 1
10038 110038 1
10040 110040 1
10060 110060 1
10072 110072 1
10101 110101 1
10123 110123 1
10134 110134 1
10145 110145 1
10224 110224 1
10270 110270 1
10283 110283 1
103 100103 1
10331 110331 1
10344 110344 1
10355 110355 1
10371 110371 1
10372 110372 1
10386 110386 1
10417 110417 1
10435 110435 1
10448 110448 1
10470 110470 1
10522 110522 1
10589 110589 1
10599 110599 1
10674 110674 1
10681 110681 1
10682 110682 1
1073 101073 1
10763 110763 1
10823 110823 1
10835 110835 1
10845 110845 1
10846 110846 1
10896 110896 1
10917 110917 1
10946 110946 1
10975 110975 1
10982 110982 1
10985 110985 1
10997 110997 1
11022 111022 1
11055 111055 1
11128 111128 1
11184 111184 1
1125 101125 1
11289 111289 1
1136 101136 1
11453 111453 1
11470 111470 1
11498 111498 1
11502 111502 1
11535 111535 1
1155 101155 1
11571 111571 1
11584 111584 1
11737 111737 1
11764 111764 1
11779 111779 1
11781 111781 1
11787 111787 1
11792 111792 1
11810 111810 1
11822 111822 1
11843 111843 1
1188 101188 1
11914 111914 1
11968 111968 1
12049 112049 1
12079 112079 1
12090 112090 1
12216 112216 1
1222 101222 1
12257 112257 1
12278 112278 1
12300 112300 1
12364 112364 1
12402 112402 1
12403 112403 1
12418 112418 1
12440 112440 1
12486 112486 1
12525 112525 1
12551 112551 1
12642 112642 1
12699 112699 1
12706 112706 1
12769 112769 1
12795 112795 1
12812 112812 1
12838 112838 1
12884 112884 1
12889 112889 1
12890 112890 1
12923 112923 1
12948 112948 1
13018 113018 1
13024 113024 1
13025 113025 1
13030 113030 1
13080 113080 1
13119 113119 1
13147 113147 1
13154 113154 1
13168 113168 1
13184 113184 1
13190 113190 1
13203 113203 1
13231 113231 1
13240 113240 1
13252 113252 1
13261 113261 1
13309 113309 1
13317 113317 1
1332 101332 1
13347 113347 1
13348 113348 1
13365 113365 1
13371 113371 1
13375 113375 1
13392 113392 1
13421 113421 1
13442 113442 1
13454 113454 1
13469 113469 1
13474 113474 1
13502 113502 1
13510 113510 1
13626 113626 1
13708 113708 1
13723 113723 1
13762 113762 1
13794 113794 1
13802 113802 1
13815 113815 1
13823 113823 1
13860 113860 1
13895 113895 1
1393 101393 1
13942 113942 1
13962 113962 1
13970 113970 1
14011 114011 1
14031 114031 1
14059 114059 1
14116 114116 1
14118 114118 1
14138 114138 1
14159 114159 1
1420 101420 1
14251 114251 1
14285 114285 1
14303 114303 1
14308 114308 1
14359 114359 1
14372 114372 1
14383 114383 1
14403 114403 1
14419 114419 1
14445 114445 1
14449 114449 1
14450 114450 1
14489 114489 1
14532 114532 1
14721 114721 1
14733 114733 1
148 100148 1
14811 114811 1
14865 114865 1
14883 114883 1
14923 114923 1
15056 115056 1
15066 115066 1
15204 115204 1
15230 115230 1
15347 115347 1
15365 115365 1
15428 115428 1
1546 101546 1
15533 115533 1
15586 115586 1
156 100156 1
15656 115656 1
15683 115683 1
1572 101572 1
15749 115749 1
15791 115791 1
15801 115801 1
15809 115809 1
15874 115874 1
15941 115941 1
15951 115951 1
1603 101603 1
16058 116058 1
16105 116105 1
16109 116109 1
16120 116120 1
16218 116218 1
16267 116267 1
16289 116289 1
16292 116292 1
16302 116302 1
16336 116336 1
1636 101636 1
16374 116374 1
16376 116376 1
16461 116461 1
16462 116462 1
16497 116497 1
16569 116569 1
16659 116659 1
16728 116728 1
16758 116758 1
16767 116767 1
16788 116788 1
16792 116792 1
16798 116798 1
16849 116849 1
17007 117007 1
1702 101702 1
17038 117038 1
17045 117045 1
17060 117060 1
17063 117063 1
1708 101708 1
17111 117111 1
1722 101722 1
17243 117243 1
17313 117313 1
17326 117326 1
17378 117378 1
17381 117381 1
17404 117404 1
17436 117436 1
17448 117448 1
17483 117483 1
17498 117498 1
17506 117506 1
17542 117542 1
17569 117569 1
17610 117610 1
17621 117621 1
17639 117639 1
17679 117679 1
17759 117759 1
17764 117764 1
17822 117822 1
17850 117850 1
17857 117857 1
17883 117883 1
17895 117895 1
17985 117985 1
18030 118030 1
18055 118055 1
18086 118086 1
18116 118116 1
18170 118170 1
18186 118186 1
18217 118217 1
18304 118304 1
18396 118396 1
18399 118399 1
18407 118407 1
1847 101847 1
18471 118471 1
1852 101852 1
18522 118522 1
18523 118523 1
18531 118531 1
18534 118534 1
18542 118542 1
18619 118619 1
18664 118664 1
18675 118675 1
18683 118683 1
18709 118709 1
18711 118711 1
18759 118759 1
18793 118793 1
18821 118821 1
18838 118838 1
18877 118877 1
18887 118887 1
18893 118893 1
18922 118922 1
18934 118934 1
18956 118956 1
19061 119061 1
191 100191 1
19103 119103 1
19105 119105 1
1913 101913 1
19151 119151 1
19176 119176 1
19245 119245 1
19298 119298 1
19335 119335 1
19378 119378 1
19387 119387 1
19392 119392 1
19427 119427 1
19454 119454 1
19468 119468 1
19574 119574 1
19596 119596 1
19626 119626 1
19631 119631 1
19669 119669 1
19672 119672 1
19680 119680 1
19732 119732 1
19752 119752 1
19770 119770 1
19868 119868 1
19886 119886 1
19896 119896 1
19935 119935 1
20023 120023 1
20112 120112 1
20146 120146 1
20198 120198 1
20226 120226 1
20269 120269 1
20271 120271 1
20277 120277 1
20290 120290 1
20310 120310 1
20337 120337 1
20396 120396 1
20543 120543 1
20570 120570 1
20592 120592 1
20595 120595 1
20619 120619 1
20656 120656 1
2066 102066 1
2071 102071 1
20734 120734 1
20736 120736 1
20829 120829 1
20915 120915 1
2100 102100 1
21029 121029 1
21037 121037 1
21038 121038 1
2108 102108 1
2110 102110 1
21148 121148 1
21177 121177 1
21207 121207 1
21268 121268 1
21305 121305 1
21349 121349 1
21358 121358 1
21419 121419 1
21514 121514 1
21559 121559 1
21583 121583 1
21591 121591 1
216 100216 1
21601 121601 1
21642 121642 1
21668 121668 1
21729 121729 1
21745 121745 1
2178 102178 1
21796 121796 1
21827 121827 1
21840 121840 1
21858 121858 1
21968 121968 1
21981 121981 1
22010 122010 1
22080 122080 1
22082 122082 1
22136 122136 1
22141 122141 1
22157 122157 1
22286 122286 1
22350 122350 1
22466 122466 1
225 100225 1
22522 122522 1
22560 122560 1
22613 122613 1
22696 122696 1
22698 122698 1
22728 122728 1
22773 122773 1
22774 122774 1
22792 122792 1
22816 122816 1
22845 122845 1
22864 122864 1
22909 122909 1
22926 122926 1
22967 122967 1
23002 123002 1
23004 123004 1
23029 123029 1
23053 123053 1
23088 123088 1
2315 102315 1
23160 123160 1
23161 123161 1
23176 123176 1
23177 123177 1
23215 123215 1
23218 123218 1
23243 123243 1
23258 123258 1
23275 123275 1
23332 123332 1
23363 123363 1
23365 123365 1
2343 102343 1
23500 123500 1
23535 123535 1
23551 123551 1
23563 123563 1
23566 123566 1
23569 123569 1
23570 123570 1
23615 123615 1
23635 123635 1
23673 123673 1
23677 123677 1
23690 123690 1
2373 102373 1
23768 123768 1
23769 123769 1
23842 123842 1
23856 123856 1
23871 123871 1
23880 123880 1
23895 123895 1
23924 123924 1
23967 123967 1
24042 124042 1
24085 124085 1
241 100241 1
24101 124101 1
2414 102414 1
24148 124148 1
24152 124152 1
24180 124180 1
24186 124186 1
24404 124404 1
24416 124416 1
24451 124451 1
24555 124555 1
24591 124591 1
2461 102461 1
24619 124619 1
24625 124625 1
24667 124667 1
24710 124710 1
24715 124715 1
24724 124724 1
24736 124736 1
2474 102474 1
24882 124882 1
24892 124892 1
24938 124938 1
24955 124955 1
24967 124967 1
25048 125048 1
25055 125055 1
25072 125072 1
25099 125099 1
25101 125101 1
25107 125107 1
25140 125140 1
25154 125154 1
25168 125168 1
25170 125170 1
25192 125192 1
25243 125243 1
25268 125268 1
25286 125286 1
25296 125296 1
254 100254 1
25425 125425 1
2545 102545 1
25469 125469 1
25512 125512 1
25513 125513 1
25544 125544 1
25553 125553 1
25554 125554 1
2561 102561 1
25612 125612 1
25670 125670 1
25675 125675 1
25678 125678 1
25688 125688 1
25709 125709 1
25780 125780 1
25842 125842 1
25848 125848 1
25901 125901 1
26016 126016 1
26017 126017 1
26069 126069 1
26117 126117 1
26118 126118 1
26210 126210 1
26217 126217 1
2627 102627 1
2630 102630 1
26311 126311 1
26340 126340 1
26349 126349 1
26363 126363 1
26395 126395 1
26398 126398 1
264 100264 1
26430 126430 1
26445 126445 1
26485 126485 1
26502 126502 1
26540 126540 1
26549 126549 1
26568 126568 1
2659 102659 1
26594 126594 1
26623 126623 1
26659 126659 1
26704 126704 1
26721 126721 1
26749 126749 1
26823 126823 1
26865 126865 1
26920 126920 1
26982 126982 1
2702 102702 1
27060 127060 1
27071 127071 1
27090 127090 1
27091 127091 1
27155 127155 1
27159 127159 1
27167 127167 1
27219 127219 1
27235 127235 1
27249 127249 1
2726 102726 1
27305 127305 1
27331 127331 1
27377 127377 1
2738 102738 1
2743 102743 1
27440 127440 1
27467 127467 1
27469 127469 1
27663 127663 1
27675 127675 1
27754 127754 1
27797 127797 1
27806 127806 1
27923 127923 1
27954 127954 1
28038 128038 1
28074 128074 1
2810 102810 1
28104 128104 1
28106 128106 1
28120 128120 1
28209 128209 1
28292 128292 1
28311 128311 1
28346 128346 1
28391 128391 1
2845 102845 1
28494 128494 1
2863 102863 1
28636 128636 1
28643 128643 1
28692 128692 1
28699 128699 1
28725 128725 1
28742 128742 1
28743 128743 1
28744 128744 1
28759 128759 1
28773 128773 1
28812 128812 1
28838 128838 1
28844 128844 1
28845 128845 1
28859 128859 1
28877 128877 1
28889 128889 1
28900 128900 1
28916 128916 1
28983 128983 1
29063 129063 1
29064 129064 1
29071 129071 1
29112 129112 1
29133 129133 1
29209 129209 1
2922 102922 1
29222 129222 1
29278 129278 1
29284 129284 1
2932 102932 1
29323 129323 1
29339 129339 1
29415 129415 1
29482 129482 1
2962 102962 1
29679 129679 1
29695 129695 1
29699 129699 1
29701 129701 1
29710 129710 1
29723 129723 1
29894 129894 1
29918 129918 1
29930 129930 1
29936 129936 1
30009 130009 1
30027 130027 1
30029 130029 1
30033 130033 1
30057 130057 1
30078 130078 1
30129 130129 1
30219 130219 1
30266 130266 1
30346 130346 1
30351 130351 1
30405 130405 1
30448 130448 1
30454 130454 1
30484 130484 1
30487 130487 1
30498 130498 1
3052 103052 1
30521 130521 1
30566 130566 1
30576 130576 1
30636 130636 1
30646 130646 1
30658 130658 1
30696 130696 1
30748 130748 1
30797 130797 1
30848 130848 1
30876 130876 1
30891 130891 1
3090 103090 1
30936 130936 1
30979 130979 1
30989 130989 1
31035 131035 1
31048 131048 1
311 100311 1
31128 131128 1
31178 131178 1
3118 103118 1
31254 131254 1
31324 131324 1
31362 131362 1
31396 131396 1
31537 131537 1
31602 131602 1
31636 131636 1
31640 131640 1
31642 131642 1
31651 131651 1
31668 131668 1
31687 131687 1
31804 131804 1
31862 131862 1
3187 103187 1
31882 131882 1
31902 131902 1
31910 131910 1
31920 131920 1
31939 131939 1
3194 103194 1
32000 132000 1
3202 103202 1
3205 103205 1
32099 132099 1
3220 103220 1
32216 132216 1
32237 132237 1
3227 103227 1
32274 132274 1
323 100323 1
3230 103230 1
32309 132309 1
32346 132346 1
32518 132518 1
32536 132536 1
3268 103268 1
32739 132739 1
32782 132782 1
32798 132798 1
32801 132801 1
32897 132897 1
32930 132930 1
32955 132955 1
32956 132956 1
32967 132967 1
33007 133007 1
33050 133050 1
33088 133088 1
33120 133120 1
33140 133140 1
33176 133176 1
3318 103318 1
33202 133202 1
33232 133232 1
33291 133291 1
33311 133311 1
33343 133343 1
33357 133357 1
33381 133381 1
33392 133392 1
33397 133397 1
33423 133423 1
33442 133442 1
33456 133456 1
3346 103346 1
33527 133527 1
33529 133529 1
33580 133580 1
3362 103362 1
33623 133623 1
33627 133627 1
33667 133667 1
33670 133670 1
33716 133716 1
33739 133739 1
33804 133804 1
3382 103382 1
33851 133851 1
33859 133859 1
33892 133892 1
33939 133939 1
33959 133959 1
33993 133993 1
33997 133997 1
3402 103402 1
34024 134024 1
34049 134049 1
34059 134059 1
3408 103408 1
34082 134082 1
34120 134120 1
34133 134133 1
34169 134169 1
34179 134179 1
34182 134182 1
34199 134199 1
34218 134218 1
34253 134253 1
34276 134276 1
34277 134277 1
34325 134325 1
34396 134396 1
34410 134410 1
34411 134411 1
34421 134421 1
34444 134444 1
34446 134446 1
34498 134498 1
34526 134526 1
34563 134563 1
3460 103460 1
34613 134613 1
34669 134669 1
34693 134693 1
34734 134734 1
34861 134861 1
3489 103489 1
35018 135018 1
35056 135056 1
35067 135067 1
35069 135069 1
35126 135126 1
35224 135224 1
35236 135236 1
35243 135243 1
35288 135288 1
35293 135293 1
35298 135298 1
35309 135309 1
35330 135330 1
35369 135369 1
35372 135372 1
35393 135393 1
35396 135396 1
35459 135459 1
35466 135466 1
35491 135491 1
35493 135493 1
35509 135509 1
35515 135515 1
35516 135516 1
35538 135538 1
35590 135590 1
35604 135604 1
35609 135609 1
35626 135626 1
35633 135633 1
35639 135639 1
35712 135712 1
35723 135723 1
35731 135731 1
35744 135744 1
35778 135778 1
35808 135808 1
35822 135822 1
35843 135843 1
35858 135858 1
35889 135889 1
35902 135902 1
35915 135915 1
35928 135928 1
35950 135950 1
35977 135977 1
35992 135992 1
36023 136023 1
36065 136065 1
36137 136137 1
36175 136175 1
36219 136219 1
36237 136237 1
36265 136265 1
36377 136377 1
36391 136391 1
36395 136395 1
36408 136408 1
3641 103641 1
36464 136464 1
36493 136493 1
36540 136540 1
36701 136701 1
36775 136775 1
3681 103681 1
36879 136879 1
36994 136994 1
37002 137002 1
37063 137063 1
37070 137070 1
37072 137072 1
37088 137088 1
37138 137138 1
37164 137164 1
3720 103720 1
37273 137273 1
37300 137300 1
37336 137336 1
37341 137341 1
3736 103736 1
37384 137384 1
37473 137473 1
37530 137530 1
37622 137622 1
37688 137688 1
3770 103770 1
37776 137776 1
37801 137801 1
37840 137840 1
37889 137889 1
37905 137905 1
37917 137917 1
37954 137954 1
37975 137975 1
38 100038 1
38031 138031 1
38043 138043 1
38050 138050 1
3806 103806 1
38069 138069 1
38187 138187 1
38188 138188 1
38195 138195 1
38214 138214 1
38237 138237 1
38272 138272 1
38285 138285 1
38290 138290 1
38330 138330 1
38347 138347 1
38366 138366 1
38367 138367 1
38368 138368 1
38376 138376 1
38377 138377 1
38406 138406 1
38426 138426 1
38496 138496 1
385 100385 1
38511 138511 1
38578 138578 1
38686 138686 1
38705 138705 1
38722 138722 1
38827 138827 1
38877 138877 1
38900 138900 1
3891 103891 1
38919 138919 1
39028 139028 1
39100 139100 1
39123 139123 1
39249 139249 1
39270 139270 1
39323 139323 1
39326 139326 1
39343 139343 1
39358 139358 1
39367 139367 1
39377 139377 1
39389 139389 1
39408 139408 1
39411 139411 1
39507 139507 1
39526 139526 1
39581 139581 1
39601 139601 1
39603 139603 1
39649 139649 1
39718 139718 1
39776 139776 1
39864 139864 1
39867 139867 1
39885 139885 1
39890 139890 1
39901 139901 1
39909 139909 1
39919 139919 1
39930 139930 1
39967 139967 1
39968 139968 1
39974 139974 1
3999 103999 1
40025 140025 1
40073 140073 1
40089 140089 1
40138 140138 1
4015 104015 1
40156 140156 1
4024 104024 1
40248 140248 1
40313 140313 1
40359 140359 1
404 100404 1
4043 104043 1
40518 140518 1
40526 140526 1
40544 140544 1
40568 140568 1
40575 140575 1
40591 140591 1
40604 140604 1
40619 140619 1
40638 140638 1
40655 140655 1
40690 140690 1
40692 140692 1
40724 140724 1
40818 140818 1
40853 140853 1
40899 140899 1
40923 140923 1
40937 140937 1
40976 140976 1
40982 140982 1
41031 141031 1
41055 141055 1
41066 141066 1
41112 141112 1
41115 141115 1
41119 141119 1
4116 104116 1
41170 141170 1
41179 141179 1
4126 104126 1
41283 141283 1
413 100413 1
41303 141303 1
41311 141311 1
41408 141408 1
4141 104141 1
41434 141434 1
41451 141451 1
41464 141464 1
41469 141469 1
41486 141486 1
41655 141655 1
41695 141695 1
41741 141741 1
41778 141778 1
4185 104185 1
41854 141854 1
41974 141974 1
42012 142012 1
42019 142019 1
42050 142050 1
42055 142055 1
42077 142077 1
42083 142083 1
42093 142093 1
42139 142139 1
42156 142156 1
42178 142178 1
4221 104221 1
42227 142227 1
42271 142271 1
42300 142300 1
42326 142326 1
4233 104233 1
42363 142363 1
42459 142459 1
42471 142471 1
425 100425 1
42602 142602 1
42603 142603 1
42621 142621 1
42648 142648 1
42704 142704 1
42713 142713 1
42717 142717 1
42724 142724 1
42727 142727 1
4274 104274 1
42762 142762 1
428 100428 1
42813 142813 1
42851 142851 1
42882 142882 1
42907 142907 1
42908 142908 1
42920 142920 1
42990 142990 1
43093 143093 1
43125 143125 1
43163 143163 1
43235 143235 1
43300 143300 1
43354 143354 1
43380 143380 1
43395 143395 1
43439 143439 1
4344 104344 1
43492 143492 1
43497 143497 1
43511 143511 1
43531 143531 1
43544 143544 1
43549 143549 1
43628 143628 1
43654 143654 1
43671 143671 1
43675 143675 1
4369 104369 1
43735 143735 1
43745 143745 1
43750 143750 1
43752 143752 1
43768 143768 1
43770 143770 1
43808 143808 1
43821 143821 1
43828 143828 1
4387 104387 1
43906 143906 1
43931 143931 1
43956 143956 1
43963 143963 1
43970 143970 1
44152 144152 1
44185 144185 1
44235 144235 1
44241 144241 1
44244 144244 1
4427 104427 1
4436 104436 1
44368 144368 1
44387 144387 1
44394 144394 1
44410 144410 1
4443 104443 1
44441 144441 1
44450 144450 1
44561 144561 1
44622 144622 1
44672 144672 1
44737 144737 1
44743 144743 1
44747 144747 1
44774 144774 1
44836 144836 1
44851 144851 1
44865 144865 1
44894 144894 1
44917 144917 1
44981 144981 1
45058 145058 1
45061 145061 1
45080 145080 1
45108 145108 1
45118 145118 1
45133 145133 1
45138 145138 1
45149 145149 1
45168 145168 1
4526 104526 1
45302 145302 1
45424 145424 1
45427 145427 1
45446 145446 1
45456 145456 1
45475 145475 1
45493 145493 1
45516 145516 1
45519 145519 1
45525 145525 1
45539 145539 1
45584 145584 1
45585 145585 1
4559 104559 1
45593 145593 1
45621 145621 1
45623 145623 1
45640 145640 1
45672 145672 1
45728 145728 1
45747 145747 1
45757 145757 1
45759 145759 1
45764 145764 1
4579 104579 1
45842 145842 1
45892 145892 1
45899 145899 1
45987 145987 1
46 100046 1
46003 146003 1
46041 146041 1
46055 146055 1
46062 146062 1
46070 146070 1
46107 146107 1
46127 146127 1
4613 104613 1
46153 146153 1
46183 146183 1
46184 146184 1
46190 146190 1
46198 146198 1
46217 146217 1
46238 146238 1
4624 104624 1
46285 146285 1
4633 104633 1
46340 146340 1
46372 146372 1
4639 104639 1
46403 146403 1
46431 146431 1
46500 146500 1
46529 146529 1
46531 146531 1
46549 146549 1
46594 146594 1
46607 146607 1
4661 104661 1
46620 146620 1
46628 146628 1
46635 146635 1
46648 146648 1
46669 146669 1
46678 146678 1
46724 146724 1
4674 104674 1
46767 146767 1
46773 146773 1
46849 146849 1
46915 146915 1
46923 146923 1
46934 146934 1
47042 147042 1
47139 147139 1
47163 147163 1
47183 147183 1
472 100472 1
47288 147288 1
47357 147357 1
47360 147360 1
47387 147387 1
47394 147394 1
47440 147440 1
47451 147451 1
47469 147469 1
47493 147493 1
47563 147563 1
47575 147575 1
47607 147607 1
47631 147631 1
47680 147680 1
47700 147700 1
47713 147713 1
47725 147725 1
47744 147744 1
47768 147768 1
47772 147772 1
47816 147816 1
47833 147833 1
47834 147834 1
47912 147912 1
4794 104794 1
4803 104803 1
4806 104806 1
4809 104809 1
48094 148094 1
48102 148102 1
48190 148190 1
48214 148214 1
48283 148283 1
48295 148295 1
4833 104833 1
48393 148393 1
48431 148431 1
4844 104844 1
48441 148441 1
48524 148524 1
48610 148610 1
4870 104870 1
48723 148723 1
48802 148802 1
48817 148817 1
48837 148837 1
48855 148855 1
48858 148858 1
4888 104888 1
48886 148886 1
48957 148957 1
48989 148989 1
49007 149007 1
49023 149023 1
49033 149033 1
49044 149044 1
4906 104906 1
49063 149063 1
49107 149107 1
49138 149138 1
49160 149160 1
49191 149191 1
49214 149214 1
49234 149234 1
49302 149302 1
49343 149343 1
49394 149394 1
49398 149398 1
49409 149409 1
49431 149431 1
49451 149451 1
4946 104946 1
49530 149530 1
49548 149548 1
49553 149553 1
49560 149560 1
4961 104961 1
49615 149615 1
49632 149632 1
49670 149670 1
4974 104974 1
49748 149748 1
49807 149807 1
49883 149883 1
49928 149928 1
49950 149950 1
49962 149962 1
50039 150039 1
50051 150051 1
50139 150139 1
50165 150165 1
50200 150200 1
50224 150224 1
50239 150239 1
50306 150306 1
50307 150307 1
5032 105032 1
50322 150322 1
50342 150342 1
50351 150351 1
50402 150402 1
50436 150436 1
50445 150445 1
50457 150457 1
50469 150469 1
50476 150476 1
5049 105049 1
50524 150524 1
50550 150550 1
50578 150578 1
50642 150642 1
50662 150662 1
5067 105067 1
50715 150715 1
5077 105077 1
50797 150797 1
50868 150868 1
50883 150883 1
50910 150910 1
50916 150916 1
50935 150935 1
50972 150972 1
50978 150978 1
51082 151082 1
51088 151088 1
51105 151105 1
51122 151122 1
51135 151135 1
51182 151182 1
51231 151231 1
5125 105125 1
51266 151266 1
51281 151281 1
51322 151322 1
51365 151365 1
5145 105145 1
51481 151481 1
51487 151487 1
51490 151490 1
51499 151499 1
51506 151506 1
51539 151539 1
51561 151561 1
51635 151635 1
5167 105167 1
51674 151674 1
51693 151693 1
51762 151762 1
5178 105178 1
51799 151799 1
51838 151838 1
51843 151843 1
51891 151891 1
51913 151913 1
51967 151967 1
5205 105205 1
5209 105209 1
5279 105279 1
5280 105280 1
5291 105291 1
5300 105300 1
5346 105346 1
536 100536 1
5370 105370 1
5442 105442 1
5473 105473 1
5483 105483 1
5500 105500 1
5516 105516 1
5630 105630 1
5655 105655 1
5657 105657 1
5661 105661 1
5679 105679 1
5719 105719 1
5748 105748 1
5847 105847 1
5869 105869 1
5914 105914 1
5938 105938 1
5940 105940 1
596 100596 1
5977 105977 1
6040 106040 1
6068 106068 1
6094 106094 1
6098 106098 1
6109 106109 1
6128 106128 1
6138 106138 1
6157 106157 1
6180 106180 1
6210 106210 1
6217 106217 1
6318 106318 1
6355 106355 1
6391 106391 1
6415 106415 1
6430 106430 1
6435 106435 1
650 100650 1
6581 106581 1
6636 106636 1
6637 106637 1
6671 106671 1
6715 106715 1
6730 106730 1
6731 106731 1
6756 106756 1
6771 106771 1
6795 106795 1
6862 106862 1
6881 106881 1
6932 106932 1
6949 106949 1
6998 106998 1
70 100070 1
7072 107072 1
7085 107085 1
7091 107091 1
7092 107092 1
7109 107109 1
7110 107110 1
7181 107181 1
7192 107192 1
7215 107215 1
7251 107251 1
7274 107274 1
7280 107280 1
7328 107328 1
7330 107330 1
7479 107479 1
749 100749 1
7538 107538 1
7543 107543 1
7553 107553 1
7626 107626 1
7629 107629 1
7636 107636 1
767 100767 1
7670 107670 1
7683 107683 1
7709 107709 1
7737 107737 1
7770 107770 1
7807 107807 1
7823 107823 1
7828 107828 1
784 100784 1
7873 107873 1
7893 107893 1
7910 107910 1
7916 107916 1
7931 107931 1
7932 107932 1
8044 108044 1
8096 108096 1
8134 108134 1
8163 108163 1
8170 108170 1
8245 108245 1
8313 108313 1
8349 108349 1
8371 108371 1
839 100839 1
84 100084 1
8469 108469 1
8477 108477 1
848 100848 1
8533 108533 1
8547 108547 1
855 100855 1
860 100860 1
8640 108640 1
8644 108644 1
8654 108654 1
8678 108678 1
881 100881 1
8825 108825 1
8865 108865 1
8876 108876 1
8899 108899 1
8953 108953 1
8969 108969 1
9104 109104 1
9228 109228 1
9272 109272 1
9361 109361 1
94 100094 1
9410 109410 1
9432 109432 1
9437 109437 1
9474 109474 1
948 100948 1
9489 109489 1
9522 109522 1
9631 109631 1
9641 109641 1
9679 109679 1
9743 109743 1
9792 109792 1
9793 109793 1
9842 109842 1
9854 109854 1
9958 109958 1
996 100996 1
10007 110007 1
10018 110018 1
10032 110032 1
10076 110076 1
10091 110091 1
1010 101010 1
10110 110110 1
1012 101012 1
10177 110177 1
10178 110178 1
10184 110184 1
10205 110205 1
10218 110218 1
10290 110290 1
10305 110305 1
10327 110327 1
1033 101033 1
10436 110436 1
10473 110473 1
10487 110487 1
10520 110520 1
10525 110525 1
10527 110527 1
10533 110533 1
10542 110542 1
10563 110563 1
10601 110601 1
10645 110645 1
10651 110651 1
10676 110676 1
10701 110701 1
10731 110731 1
10750 110750 1
10778 110778 1
10843 110843 1
10888 110888 1
10901 110901 1
1094 101094 1
10944 110944 1
10963 110963 1
11005 111005 1
11013 111013 1
11031 111031 1
11035 111035 1
11038 111038 1
11043 111043 1
11051 111051 1
11082 111082 1
11097 111097 1
1110 101110 1
11106 111106 1
11152 111152 1
11160 111160 1
1117 101117 1
11186 111186 1
11201 111201 1
11212 111212 1
11248 111248 1
11277 111277 1
11290 111290 1
11301 111301 1
11352 111352 1
11371 111371 1
11406 111406 1
11440 111440 1
11474 111474 1
11478 111478 1
11610 111610 1
11652 111652 1
1168 101168 1
11744 111744 1
11748 111748 1
11753 111753 1
11758 111758 1
11772 111772 1
11817 111817 1
11880 111880 1
11888 111888 1
11903 111903 1
11993 111993 1
12025 112025 1
12032 112032 1
12099 112099 1
12114 112114 1
12146 112146 1
12188 112188 1
12244 112244 1
12307 112307 1
12378 112378 1
12407 112407 1
1243 101243 1
12445 112445 1
12461 112461 1
12491 112491 1
12519 112519 1
12527 112527 1
12555 112555 1
12556 112556 1
12566 112566 1
12576 112576 1
12584 112584 1
12697 112697 1
12714 112714 1
12746 112746 1
12761 112761 1
12806 112806 1
12808 112808 1
12828 112828 1
12891 112891 1
12905 112905 1
12939 112939 1
12946 112946 1
13010 113010 1
13029 113029 1
13039 113039 1
13048 113048 1
13070 113070 1
13074 113074 1
13091 113091 1
1323 101323 1
13243 113243 1
13299 113299 1
13313 113313 1
13326 113326 1
13349 113349 1
13395 113395 1
13437 113437 1
13461 113461 1
13494 113494 1
13517 113517 1
13569 113569 1
13582 113582 1
13599 113599 1
13603 113603 1
13604 113604 1
13638 113638 1
13687 113687 1
13698 113698 1
13735 113735 1
13745 113745 1
13800 113800 1
13811 113811 1
13826 113826 1
13847 113847 1
13883 113883 1
13903 113903 1
13927 113927 1
13982 113982 1
13990 113990 1
14001 114001 1
14043 114043 1
14052 114052 1
14089 114089 1
14125 114125 1
14157 114157 1
14313 114313 1
14352 114352 1
14357 114357 1
14380 114380 1
14387 114387 1
14455 114455 1
14456 114456 1
14471 114471 1
14490 114490 1
14512 114512 1
14527 114527 1
14573 114573 1
14592 114592 1
146 100146 1
14616 114616 1
14665 114665 1
1467 101467 1
1468 101468 1
14717 114717 1
14754 114754 1
14784 114784 1
14796 114796 1
14815 114815 1
14836 114836 1
14837 114837 1
14859 114859 1
14881 114881 1
14916 114916 1
14945 114945 1
14976 114976 1
14990 114990 1
15000 115000 1
15014 115014 1
15068 115068 1
15169 115169 1
15174 115174 1
15219 115219 1
1524 101524 1
15265 115265 1
15293 115293 1
15380 115380 1
15418 115418 1
15432 115432 1
15472 115472 1
15494 115494 1
15575 115575 1
15578 115578 1
15602 115602 1
15645 115645 1
1565 101565 1
15658 115658 1
15691 115691 1
15736 115736 1
1574 101574 1
15813 115813 1
15843 115843 1
15866 115866 1
15884 115884 1
15899 115899 1
15922 115922 1
15957 115957 1
15975 115975 1
15996 115996 1
16045 116045 1
16115 116115 1
16177 116177 1
16208 116208 1
16222 116222 1
16226 116226 1
16230 116230 1
16232 116232 1
16247 116247 1
1629 101629 1
16315 116315 1
16375 116375 1
16416 116416 1
16440 116440 1
16453 116453 1
16470 116470 1
16475 116475 1
16481 116481 1
16489 116489 1
16493 116493 1
165 100165 1
16507 116507 1
16513 116513 1
16545 116545 1
16553 116553 1
16559 116559 1
16563 116563 1
16574 116574 1
16584 116584 1
1662 101662 1
16654 116654 1
16673 116673 1
16692 116692 1
16698 116698 1
16729 116729 1
16814 116814 1
16821 116821 1
16827 116827 1
16828 116828 1
16853 116853 1
16872 116872 1
16904 116904 1
16981 116981 1
17002 117002 1
17046 117046 1
17148 117148 1
17192 117192 1
17233 117233 1
17257 117257 1
17302 117302 1
17351 117351 1
17367 117367 1
17391 117391 1
17417 117417 1
17446 117446 1
17493 117493 1
17507 117507 1
17513 117513 1
17533 117533 1
17588 117588 1
17668 117668 1
17718 117718 1
17730 117730 1
17778 117778 1
17804 117804 1
17806 117806 1
17816 117816 1
17827 117827 1
17874 117874 1
17892 117892 1
17904 117904 1
17906 117906 1
18024 118024 1
18040 118040 1
18042 118042 1
18044 118044 1
18047 118047 1
18052 118052 1
18088 118088 1
18106 118106 1
1813 101813 1
18133 118133 1
18140 118140 1
18160 118160 1
18213 118213 1
1830 101830 1
18350 118350 1
18355 118355 1
18382 118382 1
1841 101841 1
18416 118416 1
18460 118460 1
18489 118489 1
18548 118548 1
18659 118659 1
18686 118686 1
18725 118725 1
18733 118733 1
18736 118736 1
18798 118798 1
18834 118834 1
18921 118921 1
18995 118995 1
19027 119027 1
19072 119072 1
19077 119077 1
19085 119085 1
19102 119102 1
19111 119111 1
19122 119122 1
1914 101914 1
19143 119143 1
19153 119153 1
19188 119188 1
19204 119204 1
1924 101924 1
19249 119249 1
19251 119251 1
1926 101926 1
19320 119320 1
19397 119397 1
19399 119399 1
19405 119405 1
19540 119540 1
19559 119559 1
196 100196 1
19600 119600 1
19638 119638 1
19643 119643 1
19685 119685 1
19688 119688 1
19719 119719 1
19810 119810 1
19872 119872 1
19883 119883 1
19911 119911 1
19925 119925 1
19973 119973 1
19999 119999 1
20029 120029 1
20039 120039 1
20041 120041 1
20052 120052 1
20089 120089 1
20137 120137 1
20302 120302 1
20322 120322 1
20393 120393 1
20473 120473 1
20519 120519 1
20575 120575 1
20585 120585 1
20628 120628 1
20659 120659 1
20706 120706 1
20834 120834 1
20844 120844 1
20861 120861 1
20909 120909 1
20981 120981 1
20994 120994 1
21027 121027 1
21041 121041 1
21052 121052 1
2111 102111 1
21172 121172 1
21184 121184 1
21214 121214 1
21244 121244 1
21256 121256 1
21265 121265 1
21279 121279 1
21317 121317 1
21341 121341 1
21368 121368 1
21372 121372 1
21378 121378 1
21556 121556 1
21592 121592 1
21629 121629 1
21718 121718 1
21792 121792 1
21807 121807 1
21875 121875 1
21877 121877 1
21921 121921 1
21984 121984 1
22001 122001 1
22026 122026 1
22031 122031 1
22095 122095 1
22233 122233 1
22248 122248 1
22269 122269 1
22294 122294 1
22324 122324 1
22378 122378 1
22394 122394 1
22424 122424 1
22455 122455 1
22500 122500 1
22505 122505 1
22511 122511 1
22563 122563 1
22567 122567 1
2262 102262 1
22631 122631 1
22635 122635 1
22737 122737 1
22783 122783 1
22826 122826 1
22828 122828 1
22853 122853 1
22861 122861 1
22895 122895 1
23022 123022 1
23063 123063 1
2309 102309 1
23097 123097 1
23130 123130 1
23140 123140 1
23179 123179 1
23222 123222 1
23245 123245 1
23257 123257 1
23295 123295 1
23350 123350 1
2339 102339 1
2340 102340 1
2350 102350 1
23554 123554 1
23573 123573 1
23594 123594 1
23619 123619 1
23629 123629 1
23661 123661 1
23679 123679 1
23683 123683 1
23689 123689 1
23716 123716 1
23717 123717 1
2372 102372 1
2377 102377 1
23783 123783 1
23820 123820 1
23862 123862 1
23888 123888 1
23904 123904 1
23910 123910 1
23920 123920 1
23985 123985 1
24 100024 1
24024 124024 1
24044 124044 1
24051 124051 1
24131 124131 1
24167 124167 1
24171 124171 1
24198 124198 1
24276 124276 1
24307 124307 1
24329 124329 1
24343 124343 1
24363 124363 1
24368 124368 1
2439 102439 1
24424 124424 1
24482 124482 1
24497 124497 1
24544 124544 1
24579 124579 1
24580 124580 1
24639 124639 1
24648 124648 1
24693 124693 1
24696 124696 1
24750 124750 1
24752 124752 1
2479 102479 1
24840 124840 1
2486 102486 1
24871 124871 1
24920 124920 1
2493 102493 1
24989 124989 1
25049 125049 1
25057 125057 1
25067 125067 1
25116 125116 1
25143 125143 1
25156 125156 1
2516 102516 1
25184 125184 1
25230 125230 1
25242 125242 1
25249 125249 1
25258 125258 1
25299 125299 1
25302 125302 1
25320 125320 1
25361 125361 1
25385 125385 1
2539 102539 1
25409 125409 1
25428 125428 1
25476 125476 1
25505 125505 1
25541 125541 1
25566 125566 1
25647 125647 1
25649 125649 1
25711 125711 1
25754 125754 1
25789 125789 1
25832 125832 1
25860 125860 1
25937 125937 1
2601 102601 1
26012 126012 1
26046 126046 1
26052 126052 1
26066 126066 1
26087 126087 1
26125 126125 1
26172 126172 1
26174 126174 1
26204 126204 1
26220 126220 1
2625 102625 1
26273 126273 1
26378 126378 1
2638 102638 1
26402 126402 1
26403 126403 1
26417 126417 1
26425 126425 1
26488 126488 1
26491 126491 1
26530 126530 1
26538 126538 1
26543 126543 1
26544 126544 1
26546 126546 1
266 100266 1
26611 126611 1
26647 126647 1
26674 126674 1
26686 126686 1
26694 126694 1
26729 126729 1
26730 126730 1
26750 126750 1
26768 126768 1
26804 126804 1
26848 126848 1
26856 126856 1
26927 126927 1
26940 126940 1
27019 127019 1
27051 127051 1
27169 127169 1
27215 127215 1
2722 102722 1
27234 127234 1
27284 127284 1
27312 127312 1
27321 127321 1
27323 127323 1
27324 127324 1
27340 127340 1
27345 127345 1
27357 127357 1
27387 127387 1
27521 127521 1
27562 127562 1
2759 102759 1
27600 127600 1
27700 127700 1
27714 127714 1
27796 127796 1
27820 127820 1
27880 127880 1
27901 127901 1
27911 127911 1
27922 127922 1
27938 127938 1
27951 127951 1
27956 127956 1
27966 127966 1
28009 128009 1
28027 128027 1
28041 128041 1
28092 128092 1
28111 128111 1
28117 128117 1
28139 128139 1
28157 128157 1
28165 128165 1
28185 128185 1
28207 128207 1
2821 102821 1
28264 128264 1
28337 128337 1
28378 128378 1
28411 128411 1
28416 128416 1
28451 128451 1
28484 128484 1
285 100285 1
28509 128509 1
28549 128549 1
28563 128563 1
28592 128592 1
28654 128654 1
28704 128704 1
28729 128729 1
28747 128747 1
28751 128751 1
28757 128757 1
28771 128771 1
28784 128784 1
28787 128787 1
28829 128829 1
28843 128843 1
28919 128919 1
28962 128962 1
28984 128984 1
29095 129095 1
29119 129119 1
29129 129129 1
29157 129157 1
29225 129225 1
29246 129246 1
29385 129385 1
29390 129390 1
29396 129396 1
29411 129411 1
29439 129439 1
29478 129478 1
29499 129499 1
29512 129512 1
2952 102952 1
29640 129640 1
29669 129669 1
29711 129711 1
2990 102990 1
30022 130022 1
30087 130087 1
30092 130092 1
30095 130095 1
30109 130109 1
3013 103013 1
3014 103014 1
30217 130217 1
30243 130243 1
30315 130315 1
30320 130320 1
30335 130335 1
30366 130366 1
30367 130367 1
30482 130482 1
30525 130525 1
30565 130565 1
30593 130593 1
30633 130633 1
30670 130670 1
30706 130706 1
30737 130737 1
30741 130741 1
30781 130781 1
30798 130798 1
30800 130800 1
30812 130812 1
30851 130851 1
30859 130859 1
30877 130877 1
30880 130880 1
30915 130915 1
30957 130957 1
3099 103099 1
31037 131037 1
31074 131074 1
3109 103109 1
31114 131114 1
31184 131184 1
3119 103119 1
31220 131220 1
31233 131233 1
31266 131266 1
31286 131286 1
31455 131455 1
3149 103149 1
31549 131549 1
31585 131585 1
31617 131617 1
31698 131698 1
31700 131700 1
31717 131717 1
31727 131727 1
31765 131765 1
31848 131848 1
31911 131911 1
31919 131919 1
31990 131990 1
32036 132036 1
32088 132088 1
321 100321 1
32109 132109 1
32130 132130 1
32150 132150 1
32161 132161 1
32266 132266 1
32273 132273 1
32278 132278 1
32281 132281 1
32329 132329 1
32400 132400 1
32470 132470 1
3251 103251 1
32551 132551 1
32698 132698 1
32701 132701 1
32705 132705 1
32803 132803 1
32822 132822 1
32885 132885 1
32968 132968 1
32984 132984 1
3301 103301 1
33069 133069 1
33086 133086 1
33087 133087 1
33100 133100 1
33164 133164 1
33239 133239 1
33248 133248 1
33257 133257 1
33260 133260 1
3329 103329 1
3333 103333 1
33337 133337 1
33383 133383 1
33410 133410 1
33429 133429 1
33447 133447 1
33450 133450 1
33463 133463 1
33476 133476 1
335 100335 1
33516 133516 1
33538 133538 1
33594 133594 1
33597 133597 1
33620 133620 1
33658 133658 1
33661 133661 1
3379 103379 1
33796 133796 1
33830 133830 1
33845 133845 1
33846 133846 1
33988 133988 1
33999 133999 1
34051 134051 1
34061 134061 1
34073 134073 1
34098 134098 1
34112 134112 1
3413 103413 1
34139 134139 1
34171 134171 1
34196 134196 1
34209 134209 1
34211 134211 1
34217 134217 1
34258 134258 1
3441 103441 1
34413 134413 1
34565 134565 1
34566 134566 1
34568 134568 1
34604 134604 1
34691 134691 1
34692 134692 1
3470 103470 1
34729 134729 1
34732 134732 1
34786 134786 1
34792 134792 1
34796 134796 1
34881 134881 1
35059 135059 1
35060 135060 1
35110 135110 1
3514 103514 1
35177 135177 1
35366 135366 1
35413 135413 1
35517 135517 1
35527 135527 1
35675 135675 1
35686 135686 1
3574 103574 1
35760 135760 1
35763 135763 1
35836 135836 1
35860 135860 1
35878 135878 1
35886 135886 1
35922 135922 1
35960 135960 1
35966 135966 1
360 100360 1
36010 136010 1
36021 136021 1
3606 103606 1
36061 136061 1
36090 136090 1
36099 136099 1
36114 136114 1
36115 136115 1
36152 136152 1
36173 136173 1
36218 136218 1
36277 136277 1
36288 136288 1
36292 136292 1
36365 136365 1
3643 103643 1
36437 136437 1
36468 136468 1
36488 136488 1
36508 136508 1
36511 136511 1
36581 136581 1
36595 136595 1
36598 136598 1
36617 136617 1
3664 103664 1
36678 136678 1
36679 136679 1
36710 136710 1
36758 136758 1
36791 136791 1
36805 136805 1
36811 136811 1
36817 136817 1
36833 136833 1
36856 136856 1
36878 136878 1
36902 136902 1
36911 136911 1
36926 136926 1
36928 136928 1
36970 136970 1
36976 136976 1
36979 136979 1
3711 103711 1
3712 103712 1
3713 103713 1
37132 137132 1
37141 137141 1
37188 137188 1
3719 103719 1
3722 103722 1
37220 137220 1
37235 137235 1
37238 137238 1
3730 103730 1
37353 137353 1
37452 137452 1
37462 137462 1
37467 137467 1
37503 137503 1
37512 137512 1
37587 137587 1
37618 137618 1
37623 137623 1
37624 137624 1
37662 137662 1
37679 137679 1
37680 137680 1
37681 137681 1
37700 137700 1
3773 103773 1
37794 137794 1
37841 137841 1
37849 137849 1
37850 137850 1
37863 137863 1
37872 137872 1
37884 137884 1
37897 137897 1
3790 103790 1
37906 137906 1
37921 137921 1
37936 137936 1
3794 103794 1
37955 137955 1
37961 137961 1
37997 137997 1
38010 138010 1
3803 103803 1
38054 138054 1
38092 138092 1
38206 138206 1
38223 138223 1
38231 138231 1
38234 138234 1
38246 138246 1
38273 138273 1
38316 138316 1
38355 138355 1
38388 138388 1
38413 138413 1
38429 138429 1
38464 138464 1
38470 138470 1
38501 138501 1
38553 138553 1
38616 138616 1
38734 138734 1
38755 138755 1
38794 138794 1
38831 138831 1
38858 138858 1
38913 138913 1
38918 138918 1
38980 138980 1
3899 103899 1
39 100039 1
390 100390 1
39032 139032 1
39033 139033 1
39105 139105 1
39175 139175 1
39188 139188 1
39192 139192 1
39200 139200 1
39205 139205 1
39225 139225 1
39275 139275 1
39297 139297 1
39301 139301 1
39329 139329 1
39375 139375 1
39392 139392 1
39502 139502 1
39535 139535 1
39640 139640 1
39695 139695 1
3970 103970 1
39728 139728 1
39738 139738 1
39844 139844 1
39862 139862 1
3987 103987 1
39879 139879 1
39881 139881 1
3996 103996 1
3997 103997 1
4004 104004 1
4013 104013 1
402 100402 1
40217 140217 1
40230 140230 1
40232 140232 1
40245 140245 1
4025 104025 1
40294 140294 1
40328 140328 1
40394 140394 1
40431 140431 1
40444 140444 1
40448 140448 1
40497 140497 1
40537 140537 1
40548 140548 1
40570 140570 1
40585 140585 1
40633 140633 1
40642 140642 1
40689 140689 1
40698 140698 1
4073 104073 1
40758 140758 1
40768 140768 1
40800 140800 1
40827 140827 1
40864 140864 1
40865 140865 1
40882 140882 1
4094 104094 1
40962 140962 1
41104 141104 1
41113 141113 1
41120 141120 1
41164 141164 1
41180 141180 1
41195 141195 1
41196 141196 1
41213 141213 1
41218 141218 1
41282 141282 1
41320 141320 1
41348 141348 1
41357 141357 1
41403 141403 1
41438 141438 1
41454 141454 1
4147 104147 1
41562 141562 1
41593 141593 1
41713 141713 1
41786 141786 1
41792 141792 1
4184 104184 1
4188 104188 1
41909 141909 1
41941 141941 1
41989 141989 1
420 100420 1
42001 142001 1
4205 104205 1
4207 104207 1
42078 142078 1
42095 142095 1
42135 142135 1
42216 142216 1
42229 142229 1
42278 142278 1
42302 142302 1
42306 142306 1
42364 142364 1
42366 142366 1
42382 142382 1
42431 142431 1
42442 142442 1
42493 142493 1
42507 142507 1
42522 142522 1
42537 142537 1
4254 104254 1
42540 142540 1
42557 142557 1
42620 142620 1
42756 142756 1
42761 142761 1
42815 142815 1
42846 142846 1
42868 142868 1
42876 142876 1
42895 142895 1
42897 142897 1
42922 142922 1
42974 142974 1
43 100043 1
43006 143006 1
43059 143059 1
43095 143095 1
43114 143114 1
43128 143128 1
43143 143143 1
4333 104333 1
43333 143333 1
43336 143336 1
43353 143353 1
43420 143420 1
43473 143473 1
43495 143495 1
43524 143524 1
43541 143541 1
43561 143561 1
4358 104358 1
43583 143583 1
43688 143688 1
43698 143698 1
43699 143699 1
43717 143717 1
43718 143718 1
43814 143814 1
43827 143827 1
43855 143855 1
43957 143957 1
43973 143973 1
44012 144012 1
44036 144036 1
44058 144058 1
4408 104408 1
44196 144196 1
44198 144198 1
44250 144250 1
44319 144319 1
44339 144339 1
44432 144432 1
44439 144439 1
44485 144485 1
44543 144543 1
44548 144548 1
44555 144555 1
44562 144562 1
44588 144588 1
44599 144599 1
448 100448 1
44866 144866 1
44879 144879 1
44933 144933 1
44985 144985 1
44997 144997 1
45008 145008 1
4503 104503 1
45059 145059 1
45092 145092 1
45093 145093 1
45104 145104 1
45120 145120 1
45177 145177 1
45214 145214 1
45332 145332 1
45367 145367 1
45372 145372 1
45454 145454 1
45459 145459 1
45470 145470 1
45504 145504 1
45515 145515 1
45518 145518 1
45527 145527 1
4554 104554 1
45548 145548 1
45560 145560 1
45628 145628 1
4563 104563 1
45630 145630 1
45725 145725 1
45750 145750 1
45837 145837 1
45865 145865 1
45881 145881 1
45902 145902 1
45910 145910 1
45977 145977 1
45978 145978 1
46024 146024 1
46026 146026 1
46027 146027 1
46032 146032 1
46038 146038 1
46083 146083 1
4610 104610 1
46176 146176 1
4621 104621 1
46213 146213 1
46329 146329 1
46394 146394 1
46425 146425 1
46468 146468 1
46479 146479 1
46490 146490 1
46493 146493 1
46512 146512 1
46527 146527 1
46542 146542 1
46581 146581 1
46608 146608 1
46617 146617 1
46655 146655 1
46725 146725 1
4681 104681 1
4683 104683 1
46852 146852 1
46865 146865 1
4688 104688 1
46897 146897 1
46901 146901 1
46910 146910 1
46983 146983 1
47020 147020 1
47047 147047 1
47060 147060 1
47116 147116 1
47122 147122 1
47175 147175 1
47204 147204 1
47212 147212 1
47237 147237 1
4725 104725 1
47256 147256 1
47266 147266 1
47291 147291 1
47309 147309 1
47313 147313 1
47327 147327 1
47337 147337 1
47344 147344 1
47345 147345 1
47363 147363 1
47424 147424 1
47437 147437 1
47509 147509 1
47574 147574 1
47616 147616 1
47626 147626 1
47639 147639 1
47651 147651 1
4767 104767 1
47706 147706 1
47767 147767 1
4777 104777 1
47889 147889 1
47988 147988 1
48009 148009 1
48021 148021 1
48135 148135 1
48146 148146 1
48149 148149 1
48158 148158 1
48172 148172 1
48240 148240 1
48297 148297 1
48301 148301 1
4831 104831 1
48382 148382 1
48442 148442 1
48511 148511 1
48528 148528 1
4855 104855 1
48569 148569 1
48580 148580 1
48647 148647 1
48650 148650 1
48717 148717 1
48773 148773 1
4886 104886 1
48862 148862 1
48907 148907 1
48917 148917 1
48999 148999 1
49006 149006 1
49028 149028 1
49029 149029 1
49060 149060 1
49071 149071 1
49087 149087 1
49094 149094 1
49105 149105 1
4912 104912 1
49136 149136 1
49186 149186 1
49215 149215 1
49256 149256 1
49289 149289 1
493 100493 1
49403 149403 1
49419 149419 1
4942 104942 1
49421 149421 1
49440 149440 1
49479 149479 1
49508 149508 1
49537 149537 1
49612 149612 1
49662 149662 1
4967 104967 1
49701 149701 1
4975 104975 1
49785 149785 1
49799 149799 1
49800 149800 1
49804 149804 1
49822 149822 1
49847 149847 1
49855 149855 1
49941 149941 1
49951 149951 1
49960 149960 1
49999 149999 1
50092 150092 1
5017 105017 1
50229 150229 1
50292 150292 1
50301 150301 1
50356 150356 1
50422 150422 1
50443 150443 1
50452 150452 1
5047 105047 1
50472 150472 1
505 100505 1
50553 150553 1
50636 150636 1
50650 150650 1
50724 150724 1
50864 150864 1
50909 150909 1
50925 150925 1
50939 150939 1
5095 105095 1
5102 105102 1
51020 151020 1
51030 151030 1
51092 151092 1
51118 151118 1
51129 151129 1
51133 151133 1
51175 151175 1
51241 151241 1
51312 151312 1
51412 151412 1
51444 151444 1
51488 151488 1
51586 151586 1
51662 151662 1
51688 151688 1
51704 151704 1
51706 151706 1
51725 151725 1
51732 151732 1
51764 151764 1
51766 151766 1
51777 151777 1
518 100518 1
5180 105180 1
51811 151811 1
51818 151818 1
51821 151821 1
51855 151855 1
51939 151939 1
520 100520 1
5233 105233 1
5296 105296 1
5311 105311 1
5325 105325 1
5334 105334 1
5350 105350 1
540 100540 1
541 100541 1
5447 105447 1
5460 105460 1
5481 105481 1
5521 105521 1
557 100557 1
5610 105610 1
5622 105622 1
5625 105625 1
5653 105653 1
5732 105732 1
5735 105735 1
5774 105774 1
5775 105775 1
5781 105781 1
5916 105916 1
5956 105956 1
5961 105961 1
6016 106016 1
606 100606 1
6081 106081 1
6116 106116 1
6127 106127 1
6142 106142 1
6195 106195 1
6207 106207 1
6239 106239 1
6256 106256 1
626 100626 1
6270 106270 1
6272 106272 1
6290 106290 1
6321 106321 1
6403 106403 1
6426 106426 1
6457 106457 1
6503 106503 1
6513 106513 1
6517 106517 1
6547 106547 1
6549 106549 1
658 100658 1
6589 106589 1
66 100066 1
6643 106643 1
668 100668 1
6706 106706 1
6767 106767 1
6769 106769 1
677 100677 1
6794 106794 1
6802 106802 1
6808 106808 1
6809 106809 1
6860 106860 1
6904 106904 1
6916 106916 1
6965 106965 1
6989 106989 1
7011 107011 1
7036 107036 1
7044 107044 1
7063 107063 1
7067 107067 1
7070 107070 1
7229 107229 1
7317 107317 1
7318 107318 1
7343 107343 1
7347 107347 1
7382 107382 1
7383 107383 1
7438 107438 1
7460 107460 1
7571 107571 1
7605 107605 1
7648 107648 1
7679 107679 1
7695 107695 1
7697 107697 1
7698 107698 1
7790 107790 1
7794 107794 1
78 100078 1
7824 107824 1
7851 107851 1
7860 107860 1
7871 107871 1
7902 107902 1
7922 107922 1
7966 107966 1
7984 107984 1
8004 108004 1
8027 108027 1
8094 108094 1
8159 108159 1
8165 108165 1
8178 108178 1
8182 108182 1
8185 108185 1
8256 108256 1
8266 108266 1
8275 108275 1
8347 108347 1
835 100835 1
8354 108354 1
8405 108405 1
8434 108434 1
844 100844 1
8472 108472 1
8616 108616 1
862 100862 1
8632 108632 1
8729 108729 1
8736 108736 1
8761 108761 1
8841 108841 1
8853 108853 1
8942 108942 1
8950 108950 1
8951 108951 1
8956 108956 1
8974 108974 1
8999 108999 1
9003 109003 1
9035 109035 1
9193 109193 1
9293 109293 1
9294 109294 1
9359 109359 1
9407 109407 1
9426 109426 1
9429 109429 1
9444 109444 1
953 100953 1
9532 109532 1
954 100954 1
9596 109596 1
960 100960 1
9608 109608 1
9662 109662 1
9817 109817 1
9855 109855 1
9866 109866 1
99 100099 1
9933 109933 1